x coord,y coord,z coord
4.165412,7.202474,7.163139
4.266146,7.085073,8.273744
4.521331,7.455307,7.207796
3.498122,6.652129,7.802618
4.566383,7.430937,7.572526
4.487536,7.429107,7.210217
5.011092,6.540805,7.908211
4.169590,7.305392,6.617147
4.518643,7.436658,7.205122
4.523392,7.429485,7.212166
4.369316,7.410464,7.201040
4.459494,6.969855,7.287589
5.249476,8.283077,6.661379
4.492139,7.457506,7.179658
4.483822,7.463448,7.185529
3.213439,7.847628,5.121895
4.645507,6.361513,6.910682
4.476933,7.466994,7.200649
3.699528,7.807564,6.956997
4.491126,7.437216,7.230385
4.196906,6.080272,7.680382
4.505872,7.465486,7.205940
4.032244,7.521969,6.905328
4.703376,7.297535,6.526254
4.473796,7.453562,7.159920
4.486391,7.393487,7.200442
4.495135,7.440183,7.240366
4.531969,6.927517,6.946516
4.475445,7.437331,7.191586
4.497261,7.410447,7.216931
5.132247,5.851043,6.843055
4.507894,7.442753,7.151299
4.814145,6.622805,5.071499
4.488773,7.393000,7.176093
4.510417,7.474050,7.172485
4.522953,7.437244,7.183807
4.179300,7.074525,6.477868
4.500416,7.418632,7.210846
4.464829,7.431976,7.194228
4.060872,6.841922,7.797662
4.114929,7.751998,6.957724
4.497248,7.393797,7.169217
4.529071,7.433084,7.155148
4.086473,6.618024,7.720124
4.057506,7.293455,7.853328
4.482400,7.454895,7.205054
4.610517,6.658861,4.764440
4.477790,7.421819,7.203766
4.026741,7.124481,7.298950
4.484419,7.428615,7.171910
2.693428,6.557557,8.454271
4.493557,7.419122,7.152926
4.511984,6.536663,7.819701
4.964261,8.113272,7.888912
4.559268,7.446596,7.576278
3.703688,6.941159,6.184197
3.950851,7.638513,6.877463
4.507077,7.423901,7.171777
4.503137,7.443749,7.160987
4.505164,7.455573,7.204076
4.814844,7.654096,6.666520
4.273531,6.654423,6.792889
4.082297,7.105388,8.634229
4.060257,6.296444,7.023911
4.498728,7.395597,7.182204
4.493859,7.422791,7.191394
6.385901,7.787312,7.174227
4.501691,7.413032,7.146479
4.491915,7.387603,7.160947
4.251834,7.214906,5.087006
4.763386,7.402518,7.002006
4.477040,7.463098,7.163995
4.735099,7.933573,6.900085
4.317433,7.489738,7.213506
4.497408,7.464103,7.198346
4.500090,7.459829,7.145643
4.489762,7.481455,7.148469
5.221906,8.398373,7.202581
4.503683,7.455409,7.176509
4.827006,6.980243,6.808062
4.462129,7.442942,7.180507
6.086746,7.326920,7.617697
4.480142,7.436998,7.148158
4.468395,7.224792,8.654320
4.170402,7.210541,6.713157
4.502672,7.376994,7.184206
4.533091,7.425345,7.212033
4.179672,7.172814,7.357452
4.485270,7.474159,7.217844
4.521848,7.445060,7.166080
4.509036,7.472437,7.161075
3.385814,6.866143,8.544044
4.167671,7.518668,7.627456
4.515604,7.461244,7.201613
4.471909,7.416422,7.183976
4.492402,7.414631,7.182660
4.537917,7.421795,7.201540
5.124384,7.019282,8.839920
4.189775,7.399668,6.958390
4.265977,7.100718,7.180714
4.615017,7.644640,6.992348
4.501356,7.452081,7.213136
4.482395,7.472073,7.179617
4.479478,7.433361,7.218610
4.520681,7.444852,7.176229
4.487028,7.461833,7.218237
4.513704,7.453497,7.231690
4.212867,7.415547,6.691220
4.484284,7.420646,7.185118
4.502165,7.446030,7.235071
4.496792,7.449006,7.185151
4.729661,7.383528,7.310460
3.269533,7.172343,7.925487
4.531584,8.361442,6.850264
4.392003,6.564860,6.542592
4.467625,7.443276,7.157956
4.496097,7.421034,7.221931
2.406556,7.866656,6.856786
4.199035,7.323741,7.430879
4.296770,7.159070,7.367099
4.494629,7.402888,7.225501
4.500129,7.474268,7.197453
4.467092,7.418757,7.173247
4.495155,7.437012,7.210415
4.481491,7.398632,7.221220
4.515312,7.290887,6.988683
4.888296,7.470001,6.878536
3.943309,8.782608,6.446835
5.496128,6.397056,7.035188
4.505798,7.779712,7.017290
4.526368,7.456503,7.198311
4.488230,7.463181,7.204359
4.456066,6.695130,6.368461
4.525645,7.465176,7.192092
4.487358,7.431382,7.142997
4.502352,7.394351,7.220634
3.806636,6.866158,8.236189
5.098910,8.040254,7.907162
4.488196,7.440858,7.216817
4.533226,7.403692,7.191024
2.614119,7.840004,7.043200
4.493859,7.449548,7.149564
4.494591,7.410870,7.199618
4.206390,7.008468,6.759918
4.486674,7.442320,7.167296
4.172316,7.550670,7.799291
4.054722,8.536611,7.798443
4.519542,7.422633,7.157004
4.503705,7.416549,7.199532
4.457495,7.593300,6.617736
4.511101,7.446894,7.207086
4.469903,8.438089,7.090246
4.486097,7.403444,7.196746
4.509443,7.382348,7.191658
4.503717,7.454159,7.165689
4.499807,7.420577,7.232025
4.763688,8.340298,7.794348
4.482129,7.459914,7.173676
4.497135,7.460892,7.209783
4.497217,7.440452,7.151596
4.455592,7.418578,7.169565
4.532552,7.407383,7.202623
4.744696,7.241881,7.363324
4.468610,7.436003,7.166170
4.875087,7.161421,5.006393
5.026280,7.273562,6.237156
3.247811,6.717029,6.780735
4.517211,7.413649,7.198071
3.630754,6.695808,6.586484
4.499368,7.466188,7.177060
4.475239,7.426197,7.179447
4.515904,7.387382,7.197975
4.033060,6.595368,7.618223
4.940600,6.786891,7.165553
3.762536,6.881769,7.961030
4.486716,7.408118,7.220137
4.526500,7.425691,7.221895
3.427645,6.664437,8.023656
4.522336,7.415739,7.225963
4.494625,7.449775,7.170139
4.516724,7.471228,7.185268
4.509202,7.462434,7.168258
4.484329,7.413478,7.149259
4.519514,7.442609,7.213641
4.476056,7.403444,7.165075
3.965885,6.553927,6.169793
4.515867,7.454210,7.179445
4.381528,7.727482,6.546482
4.503139,7.412505,7.226426
4.478307,7.434401,7.204645
3.357842,8.512349,6.737227
4.705469,7.631384,6.232117
5.053943,7.244118,6.417774
4.326230,6.238046,6.800646
4.155143,8.620236,8.240017
2.081660,8.001347,6.521127
3.632673,7.488348,7.170991
4.467671,7.417261,7.155813
4.507936,7.388643,7.202822
4.463828,7.424138,7.164016
4.520206,7.467012,7.168119
5.123243,7.194519,7.496031
4.529446,7.450657,7.157911
4.511654,6.934075,7.227018
4.526620,7.436047,7.172655
6.048705,7.224274,7.137884
4.505398,7.473992,7.214026
4.484625,7.438993,7.197176
4.886339,7.397465,6.917198
3.886756,5.748544,7.660822
5.125796,7.092582,6.710787
4.502311,7.427168,7.193367
4.484593,7.413763,7.202405
4.467914,5.284221,7.348470
4.512825,7.444273,7.223665
5.182355,7.370752,6.477104
3.609487,7.512500,7.432474
4.717779,6.687995,6.608275
3.801985,6.920751,5.956360
4.496110,7.387283,7.187975
4.542080,7.442122,7.207848
5.024125,7.254382,7.353274
5.133905,7.188693,7.497843
4.449673,7.585284,6.621038
4.486895,7.441671,7.206906
4.487503,7.437026,7.157444
6.314800,7.016018,8.471176
6.445272,7.364385,6.592761
4.493256,7.445881,7.160288
4.497938,7.388491,7.199000
4.471072,7.402839,7.183390
4.484290,7.449663,7.195656
4.508405,7.416749,7.235793
4.322652,7.391186,9.033218
3.345374,8.293743,8.475455
4.470287,7.457438,7.171763
4.528777,7.407437,7.164091
4.526512,7.411726,7.191727
4.433103,7.549138,7.686253
4.958226,6.542952,7.087653
4.608023,6.127157,7.557979
4.513651,7.408932,7.175325
5.657209,8.995518,5.496715
5.090532,6.612634,6.706977
4.480858,7.412228,7.211986
4.511717,7.432487,7.198021
4.344491,7.313309,7.781736
4.542009,7.418986,7.211540
4.489784,7.418845,7.212751
4.498698,7.405893,7.190240
4.410440,7.824565,7.526814
4.493932,7.444168,7.196525
4.481819,7.401607,7.175668
4.543211,8.723714,7.557631
3.981143,6.620795,8.341904
4.523741,7.407515,7.207766
4.522353,7.408874,7.236091
4.507556,7.389303,7.181608
5.214312,8.396840,7.189670
5.151667,7.080735,6.845708
4.530369,7.449171,7.171647
4.787997,7.358888,7.697568
3.473169,7.309986,7.705969
4.819673,7.920898,7.601470
4.559749,6.768558,7.296570
4.438370,7.770865,7.195031
4.511500,7.432077,7.211721
4.517457,7.428383,7.176022
4.506168,7.404440,7.219026
4.485985,7.423975,7.227319
4.466147,6.052410,8.347580
5.017752,6.902904,6.758415
4.535031,7.439075,7.197028
4.672452,7.445132,8.019392
4.515959,7.402354,7.214761
4.543840,7.420838,7.176746
4.662297,7.650777,7.001710
5.880952,7.178694,8.334412
4.390611,7.841628,6.585024
2.983864,6.298311,5.885550
4.501552,7.412010,7.156901
6.025708,7.961841,6.869196
4.504745,7.391466,7.191763
4.917469,7.077626,7.036538
4.509754,6.358258,5.832561
4.458017,7.417099,7.189731
4.534455,7.435185,7.185716
4.497272,7.434660,7.161429
5.087491,7.354107,6.132512
4.549718,5.868899,6.688647
4.751000,8.622502,6.496358
5.109567,7.472471,6.867184
4.411356,7.520788,8.248841
4.496174,7.466797,7.222279
4.515673,7.467725,7.211047
4.514008,7.421507,7.227310
4.476876,6.423512,7.500583
4.788113,6.151450,7.606776
5.433723,7.250208,7.928343
4.563084,7.422868,7.198143
4.405886,6.054406,8.192899
4.512254,7.407722,7.227326
4.530359,7.459603,7.213445
4.509634,7.407802,7.193091
4.495148,7.441315,7.139567
4.530127,7.434045,7.232078
4.234758,6.329368,5.942589
4.640681,6.371309,6.913668
6.215872,6.612561,8.566467
4.014565,6.026259,6.133381
4.508451,7.400278,7.182868
5.263051,6.368054,7.928030
4.389506,7.342548,7.037832
4.488712,7.469329,7.194884
4.974847,6.795699,6.886162
4.522330,7.403583,7.197450
4.423211,7.469831,7.145482
4.506499,7.389584,7.170951
4.813330,6.543207,6.354610
4.493109,7.415774,7.164050
4.515112,7.460903,7.139241
5.921776,7.354361,6.423542
4.906804,7.072651,7.033787
6.223493,6.761182,8.078443
4.502376,7.408899,7.180151
4.517548,7.423818,7.201724
5.436409,6.443329,7.588892
4.463143,7.411743,7.180378
4.500944,7.429309,7.215358
4.483001,7.424259,7.151546
4.488604,7.384204,7.194221
4.525420,7.397751,7.187353
4.206146,7.917786,7.741700
4.502140,7.475998,7.179809
4.504267,7.439374,7.215277
4.502650,7.441290,7.225440
4.338190,7.306375,7.776275
4.490334,7.431965,7.220999
4.358860,7.313282,7.628562
4.525642,7.896169,7.014734
4.449451,6.112278,7.039319
4.522046,7.417288,7.182974
4.549616,7.428123,7.196523
4.491539,7.406558,7.156149
4.711655,7.402854,5.790842
4.530942,7.448330,7.211674
5.091352,8.726202,6.548443
4.476819,7.415953,7.193563
4.492230,7.421887,7.203304
4.476828,7.444642,7.163778
4.477992,7.405782,7.204154
5.031809,7.249054,7.347134
4.043630,7.515894,6.916081
5.571023,6.928333,7.920755
4.494666,7.389083,7.211926
3.896940,7.999754,7.599297
5.203053,6.531699,6.933004
4.542087,7.433716,7.214078
4.481844,7.403165,7.187168
4.230501,7.022978,5.872390
2.747434,7.993083,7.713867
4.525365,7.446517,7.202220
4.408932,6.854141,5.620901
5.338883,7.913336,8.030731
4.549738,7.704671,6.804670
4.530478,7.439697,7.218042
3.153985,7.552906,7.183057
4.503307,7.400089,7.230113
4.588936,8.587990,8.674158
4.526071,7.442998,7.192330
4.838123,7.501923,7.683286
4.737052,7.979854,7.349337
4.488101,7.397363,7.165269
4.534710,7.450638,7.192186
4.743320,8.352688,8.045410
3.506668,7.310038,7.192640
4.482440,7.430993,7.186507
5.468760,6.381297,8.485672
5.114839,7.461667,7.174882
4.169361,7.078747,6.475420
4.464453,7.399474,7.952932
4.499008,7.398187,7.159302
4.755814,6.358188,6.857165
4.375341,7.650181,7.305110
4.972266,7.183002,7.195092
4.908756,8.175932,7.234843
5.573076,7.895942,7.188175
4.536692,7.315018,7.167778
4.507219,7.404436,7.160629
4.544927,7.451632,7.196858
5.243355,7.940092,7.790563
3.987256,8.081641,4.055117
4.527813,7.453034,7.145325
5.069981,6.974002,7.485636
4.343056,6.388524,6.549071
4.159491,7.643434,6.745855
4.236281,8.358241,6.711934
4.503487,7.399634,7.198951
4.513036,7.452289,7.146249
5.119446,7.618301,6.526845
5.073686,6.938126,6.110472
4.524900,7.465138,7.205709
4.480158,7.418493,7.172959
4.474037,7.458152,7.191200
4.945161,7.430171,8.457453
3.605993,7.805478,7.122117
3.790565,9.167134,7.109197
4.294515,7.287907,7.654177
4.487862,7.465945,7.162937
3.866043,8.891977,8.281666
3.990612,7.379120,4.829298
4.590967,7.127592,7.003365
4.294075,7.279256,7.844750
3.953384,7.939491,7.276433
4.517919,7.827315,6.780064
4.493964,7.480071,7.173689
3.837351,7.063278,5.969898
4.476598,7.469643,7.190305
3.210447,7.629813,6.817443
4.497386,7.472516,7.164946
4.717367,7.448415,6.561343
4.531682,7.444770,7.182302
4.198250,8.253481,7.107981
4.503904,7.449028,7.142264
4.492679,7.427918,7.180689
4.495527,7.437925,7.171404
4.574646,7.551728,6.492486
4.468502,7.400295,7.173874
4.668171,7.440122,7.368587
4.522642,7.418313,7.209495
4.110212,7.762902,6.958706
4.504312,7.443755,7.172063
4.479414,7.389394,7.194547
4.478128,7.442360,7.181563
4.534651,7.456469,7.180712
4.490858,7.456485,7.190547
4.493432,7.457394,7.158454
3.895724,7.546966,7.228385
3.501987,8.188180,7.172796
4.227947,7.873916,4.878501
4.512674,7.449433,7.170727
5.094036,8.019366,7.437313
4.164421,7.299826,6.609048
3.598258,7.798635,7.119688
4.475030,7.408813,7.156264
4.475115,7.447211,7.190999
4.501014,7.421555,7.160614
4.523852,7.445671,7.229404
4.082307,8.300952,5.977636
2.891345,7.011541,7.640692
4.523444,7.405245,7.222836
4.506863,7.397648,7.211101
4.516349,7.440727,7.195699
4.448347,7.592881,6.611605
4.914267,7.619987,7.082227
4.509396,7.476752,7.192219
4.530802,7.512440,7.144639
4.519942,7.430271,7.230438
4.638580,7.921334,6.753770
4.720452,6.977210,8.460166
3.615737,7.221110,6.974822
3.732850,7.192501,6.713791
4.485603,7.455389,7.165421
4.493530,7.470884,7.209046
4.467326,7.435947,7.150926
3.687520,7.429208,6.521356
4.448897,7.420099,7.179086
4.374576,7.408428,7.211474
4.520896,7.458006,7.151635
4.520005,7.471901,7.199269
4.337737,7.450399,7.807566
5.269438,8.855988,5.815134
4.016838,7.645916,7.126425
4.539446,8.634525,6.791124
4.473631,7.426399,7.190097
4.392362,6.493151,6.153404
4.509752,7.432435,7.221879
4.509486,7.475501,7.203013
4.503735,7.433181,7.148295
5.092997,8.098086,5.647387
5.032262,7.083890,8.625760
4.492294,7.526390,7.207231
4.493873,7.429889,7.152898
4.534040,7.375931,7.061803
3.383706,8.473851,7.410475
4.518654,7.399200,7.178399
4.521902,7.443967,7.144661
4.472454,7.456083,7.201646
4.496057,7.460682,7.169243
4.516928,7.460949,7.219331
4.470296,7.414659,7.205190
5.313929,6.104788,6.270763
4.505184,7.434361,7.168244
4.102124,7.604064,6.823050
4.533214,7.427396,7.192643
4.521745,7.462319,7.179471
3.300297,6.468713,7.340706
4.534190,7.428707,7.176608
4.522051,7.435078,7.161969
4.539979,7.451318,7.162879
4.506221,7.461900,7.215116
4.495242,7.399554,7.205149
4.118389,8.016829,7.294273
4.479384,7.434115,7.164224
4.466699,7.448231,7.168512
4.530084,7.415564,7.217098
4.512204,7.432795,7.183418
4.464486,7.423912,7.182775
4.555277,6.738423,8.629788
4.558622,6.305116,8.304252
4.430838,7.694049,6.192964
2.983288,6.992404,7.110649
4.830567,8.615076,7.560856
4.770610,7.140316,6.622759
4.487567,7.424610,7.162001
4.461599,7.430635,7.173545
3.936183,7.549221,7.740610
4.312991,8.216914,5.176036
3.571979,8.560078,6.426074
5.063967,6.965737,7.492961
5.630662,8.649645,7.157561
3.976918,8.697793,8.806795
3.296419,7.707318,7.083212
4.509828,7.422369,7.150068
4.490824,7.407350,7.209100
4.530745,7.419057,7.172912
5.056168,7.658347,7.890398
4.483333,7.460013,7.196239
4.495978,7.399999,7.215720
4.862837,8.027340,7.902039
4.327800,7.309623,7.779817
4.501524,7.407483,7.206873
4.470879,7.451195,7.182202
5.908477,7.350913,7.731815
4.476090,7.445162,7.202431
4.486161,7.436799,7.178074
4.515765,7.412919,7.217977
4.473834,7.415960,7.164889
3.983290,7.704686,7.189707
3.701595,7.679849,7.087220
4.513097,7.482040,7.212368
4.742445,7.328405,6.954084
4.533307,7.440594,7.164005
4.500307,7.420001,7.177874
4.535932,7.448736,7.202474
4.719339,7.640494,7.114284
4.509988,7.463227,7.179201
2.984280,7.004315,7.103108
4.524450,7.463839,7.159061
4.516934,7.459286,7.189691
4.682195,8.024349,7.065525
4.165931,7.291579,6.615449
4.480903,7.411358,7.180786
4.502087,7.451766,7.223534
4.205424,7.417989,6.700535
2.636369,8.434777,8.260607
4.492091,7.466745,7.152830
4.232317,7.397515,7.742902
4.495031,7.404866,7.167972
4.628504,7.210771,6.618636
4.292879,7.653698,6.822904
4.490677,7.377208,7.186430
4.388788,7.748075,7.098087
5.236656,9.631954,7.024387
4.507371,7.430545,7.157761
4.203107,6.994825,6.747588
4.487152,7.393592,7.186719
6.331561,6.477075,5.921982
4.135044,8.222105,7.277814
4.485279,7.427096,7.196484
4.510649,7.440049,7.141952
3.804792,8.203920,7.191783
4.188474,7.164193,7.350851
3.230594,5.902873,6.810467
4.678665,7.990285,7.491880
4.471552,7.409808,7.174927
4.743355,8.502010,6.296358
4.582763,7.108029,7.844623
4.483077,7.415483,7.159223
4.532865,7.703369,7.633274
4.481043,8.446133,7.794448
3.286869,7.028271,7.474954
4.472330,7.427184,7.146214
4.250082,7.154054,6.494062
5.113586,7.686190,7.184360
6.417228,6.059682,8.467008
4.486656,7.477028,7.163766
3.724347,8.086482,6.186374
4.466606,7.408291,7.166250
4.508277,7.452304,7.185718
4.501282,7.473063,7.153710
3.925934,8.032143,7.837677
4.516836,7.394937,7.205897
4.493987,7.429379,7.236476
4.513472,7.441123,7.161646
4.157471,7.307376,6.613528
4.612948,7.361164,7.253784
4.473816,7.460993,7.180702
4.511281,7.452424,7.216508
4.293759,7.267628,7.848545
4.524957,7.425776,7.166983
4.492141,7.433132,7.190324
4.714610,6.687107,6.619301
4.485053,7.409882,7.168463
4.695096,8.073888,7.166009
4.543759,7.446166,7.186540
4.482937,7.446706,7.154429
4.846889,8.153058,7.929025
5.610571,7.702112,9.474519
4.526996,7.421035,7.197574
4.540380,7.432618,7.203275
4.503898,7.452563,7.152677
4.482118,7.452696,7.186463
4.648410,8.939522,8.803098
4.790773,7.896408,7.277774
2.494951,8.228461,7.516122
5.039108,7.364393,6.786067
4.531365,7.438018,7.207078
4.477817,7.393250,7.182041
4.521466,7.426270,7.144064
4.492231,7.412335,7.229137
4.596966,8.144298,7.019314
4.398784,6.878456,7.292715
4.494323,7.467295,7.186110
4.514354,7.397345,7.196021
4.503740,7.378045,7.199666
4.766399,8.375971,8.056628
4.714706,7.932101,7.591576
4.138581,7.865715,7.352826
4.712772,6.925131,6.736136
4.437541,8.213932,8.809531
4.493244,7.454357,7.200479
4.507565,7.464376,7.195333
4.338917,7.316418,7.771803
6.037641,6.582046,7.954817
4.751454,7.252920,7.353653
5.126375,7.105868,7.356224
4.444524,7.116387,7.523778
4.511017,7.421283,7.182580
4.473177,7.404432,7.194689
4.521177,7.437352,7.223696
5.367146,6.928920,7.146198
4.506728,7.442725,7.181253
4.825031,7.197599,6.482625
4.502433,7.451398,7.194688
4.474990,7.425084,7.158616
4.535079,7.415503,7.182059
5.180115,9.028383,8.194550
4.521669,7.442887,7.154873
3.598260,7.068835,7.620471
4.373960,7.691638,5.567511
5.526778,8.551386,6.524778
4.742991,8.512209,6.291768
4.504870,7.426863,7.203708
4.540060,8.156337,6.959381
4.495550,7.481606,7.158047
4.490718,7.451059,7.221212
5.952714,8.073836,6.561753
4.487926,7.443500,7.188217
4.751015,7.570867,7.238487
4.522201,7.450862,7.218889
4.280719,7.625821,6.663187
4.514718,7.429118,7.165425
7.092496,6.767478,7.678436
4.526614,7.406498,7.180462
4.483227,7.392854,7.211143
4.494277,7.397246,7.193424
4.530022,7.460034,7.167434
4.449924,7.723645,8.066086
4.845219,7.724350,6.580048
4.525579,7.433172,7.197215
4.039208,7.461727,8.222685
4.516340,7.423708,7.217229
4.517392,7.406936,7.186978
4.478346,7.449783,7.172808
4.506045,7.400588,7.172464
5.690395,6.517138,5.119808
4.510838,7.419999,7.192608
4.508311,7.460729,7.225018
4.504174,7.484037,7.199569
4.539342,7.413110,7.193354
3.892956,7.200793,7.095471
4.282533,7.610638,6.663846
4.520546,7.456296,7.168314
4.448220,7.596298,6.622924
5.207565,7.159198,6.611482
4.862021,8.782462,7.116621
4.495962,7.426510,7.169586
4.476690,7.436250,7.173808
4.453577,7.571499,7.030300
4.498959,7.446524,7.205597
4.467591,7.442145,7.196614
4.650366,8.206416,7.853423
4.514789,7.433541,7.149704
5.413383,7.384386,5.987018
4.533679,7.445038,7.149655
4.478014,7.422528,7.215068
4.554809,7.443144,7.184269
4.495261,7.439068,7.181385
4.480869,7.468221,7.155644
4.491301,7.404098,7.182093
4.468804,7.434264,7.181891
3.902052,8.985307,5.661221
5.585023,7.504126,6.776275
4.098367,7.505303,6.692641
4.541707,7.437894,7.226045
4.703142,8.082456,7.164803
4.510826,7.214742,6.980720
4.481599,7.399749,7.157023
4.650364,7.269810,8.534978
4.504064,7.411723,7.169355
4.502255,7.416362,7.188516
4.477650,7.393342,7.166584
4.799428,7.904332,7.280193
3.525821,7.423719,7.691753
4.513753,7.437849,7.173022
4.502151,7.430773,7.178310
4.514401,7.451809,7.159738
4.535564,7.459132,7.203973
4.479977,7.415623,7.222450
4.502278,7.462984,7.160132
4.487384,7.448512,7.177249
4.516745,7.228578,7.333768
5.381529,7.503030,6.980787
4.539797,7.442521,7.174594
4.173566,8.017149,8.373296
4.516533,7.418200,7.172491
4.472708,7.426523,7.169488
4.510700,7.417784,7.208403
5.588157,9.909075,9.332919
4.669052,8.308868,6.919121
4.386147,7.646581,7.317368
4.501989,7.436761,7.189909
2.753351,7.895857,6.927751
4.530034,7.471999,7.167875
4.516640,7.446728,7.187575
4.510888,7.417855,7.161575
4.491938,7.432495,7.201671
4.884338,7.280781,6.483299
4.502584,7.437714,7.201182
4.484983,7.458493,7.152481
4.556410,6.008227,7.715833
4.490269,7.418528,7.173445
4.340684,7.722727,8.267723
4.512186,7.406072,7.204471
4.487197,7.413355,7.191829
4.521088,7.413750,7.163072
4.513785,7.438873,7.233655
4.510074,7.464103,7.149416
4.531740,7.400130,7.212071
4.640948,8.162548,6.963967
4.438668,7.589073,6.617875
4.539536,7.457643,7.171152
4.489553,7.451174,7.210263
4.520386,7.480667,7.191732
5.901469,7.360571,7.731996
4.524602,7.452656,7.185543
3.710409,6.656132,5.726589
4.516010,7.391896,7.187611
3.815606,8.197887,7.195897
4.493438,7.587621,7.569607
4.508600,7.428870,7.233163
4.530803,7.466172,7.178024
4.519009,7.427056,7.191571
4.516459,7.451165,7.198137
4.633732,8.169291,6.957633
4.545375,7.435114,7.188796
4.490415,7.470036,7.173151
4.582106,6.869772,6.130115
4.489368,7.882851,8.880922
4.481506,7.476696,7.199084
4.463321,7.403183,7.190834
4.905209,7.624626,7.072601
4.851090,8.223480,7.462759
4.877454,7.269972,6.487551
4.147068,7.219529,6.637193
4.496729,7.384357,7.178109
4.752366,8.635394,6.495596
5.257469,7.371491,6.867338
4.522464,7.145154,7.134357
4.466449,7.418664,7.197097
4.525683,7.427288,7.183087
4.954353,8.774955,7.899281
5.968377,7.669572,7.263368
6.607241,8.587138,7.990555
4.514899,7.412952,7.152313
4.499922,7.430775,7.226990
4.501231,7.460469,7.187894
4.413885,7.802361,6.907572
4.082501,8.691944,7.682242
4.505964,7.419756,7.219422
4.959844,7.796708,6.650663
3.848862,6.988861,7.477435
4.575460,8.105088,6.400517
3.904632,8.388594,7.361755
5.531437,7.455896,7.335671
4.517204,7.403253,7.167296
4.759263,8.915735,7.908203
5.183526,8.448886,8.642806
4.948363,7.472150,6.678523
