680.258630
0.000000
0.000000
0.000000
0.000000
0.000000
0.000000
0.000000
0.000000
0.000000
0.000000
0.000000
0.000000
0.000000
0.000000
0.000000
0.000000
0.000000
0.000000
0.000000
0.000000
0.000000
0.000000
0.000000
0.000000
0.000000
0.000000
0.000000
0.000000
0.000000
0.000000
0.000000
0.000000
0.000000
0.000000
0.000000
0.000000
0.000000
0.000000
0.000000
0.000000
0.000000
0.000000
0.000000
0.000000
0.000000
0.000000
0.000000
0.000000
0.000000
0.000000
0.000000
0.000000
0.000000
0.000000
0.000000
0.000000
0.000000
0.000000
0.000000
0.000000
0.000000
0.000000
0.000000
0.000000
0.000000
0.000000
0.000000
0.000000
0.000000
0.000000
0.000000
0.000000
0.000000
0.000000
0.000000
0.000000
0.000000
0.000000
0.000000
0.000000
0.000000
0.000000
0.000000
0.000000
0.000000
0.000000
0.000000
0.000000
0.000000
0.000000
0.000000
0.000000
0.000000
0.000000
0.000000
0.000000
0.000000
0.000000
0.000000
0.000000
0.000000
0.000000
0.000000
0.000000
0.000000
0.000000
0.000000
0.000000
0.000000
0.000000
0.000000
0.000000
0.000000
0.000000
0.000000
0.000000
0.000000
0.000000
0.000000
0.000000
0.000000
0.000000
0.000000
0.000000
0.000000
0.000000
0.000000
0.000000
0.000000
0.000000
0.000000
0.000000
0.000000
0.000000
0.000000
0.000000
0.000000
0.000000
0.000000
0.000000
0.000000
0.000000
0.000000
0.000000
0.000000
0.000000
0.000000
0.000000
0.000000
0.000000
0.000000
0.000000
0.000000
0.000000
0.000000
0.000000
0.000000
0.000000
0.000000
0.000000
0.000000
0.000000
0.000000
0.000000
0.000000
0.000000
0.000000
0.000000
0.000000
0.000000
0.000000
0.000000
0.000000
0.000000
0.000000
0.000000
0.000000
0.000000
0.000000
0.000000
0.000000
0.000000
0.000000
0.000000
0.000000
0.000000
0.000000
0.000000
0.000000
0.000000
0.000000
0.000000
0.000000
0.000000
0.000000
0.000000
0.000000
0.000000
0.000000
0.000000
0.000000
0.000000
0.000000
0.000000
0.000000
0.000000
0.000000
0.000000
0.000000
0.000000
0.000000
0.000000
0.000000
0.000000
0.000000
0.000000
0.000000
0.000000
0.000000
0.000000
0.000000
0.000000
0.000000
0.000000
0.000000
0.000000
0.000000
0.000000
0.000000
0.000000
0.000000
0.000000
0.000000
0.000000
0.000000
0.000000
0.000000
0.000000
0.000000
0.000000
0.000000
0.000000
0.000000
0.000000
0.000000
0.000000
0.000000
0.000000
0.000000
0.000000
0.000000
0.000000
0.000000
0.000000
0.000000
0.000000
0.000000
0.000000
0.000000
0.000000
0.000000
0.000000
0.000000
0.000000
0.000000
0.000000
0.000000
0.000000
0.000000
0.000000
0.000000
0.000000
0.000000
0.000000
0.000000
0.000000
0.000000
0.000000
0.000000
0.000000
0.000000
0.000000
0.000000
0.000000
0.000000
0.000000
0.000000
0.000000
0.000000
0.000000
0.000000
0.000000
0.000000
0.000000
0.000000
0.000000
0.000000
0.000000
0.000000
0.000000
0.000000
0.000000
0.000000
0.000000
0.000000
0.000000
0.000000
0.000000
0.000000
0.000000
0.000000
0.000000
0.000000
0.000000
0.000000
0.000000
0.000000
0.000000
0.000000
0.000000
0.000000
0.000000
0.000000
0.000000
0.000000
0.000000
0.000000
0.000000
0.000000
0.000000
0.000000
0.000000
0.000000
0.000000
0.000000
0.000000
0.000000
0.000000
0.000000
0.000000
0.000000
0.000000
0.000000
0.000000
0.000000
0.000000
0.000000
0.000000
0.000000
0.000000
0.000000
0.000000
0.000000
0.000000
0.000000
0.000000
0.000000
0.000000
0.000000
0.000000
0.000000
0.000000
0.000000
0.000000
0.000000
0.000000
0.000000
0.000000
0.000000
0.000000
0.000000
0.000000
0.000000
0.000000
0.000000
0.000000
0.000000
0.000000
0.000000
0.000000
0.000000
0.000000
0.000000
0.000000
0.000000
0.000000
0.000000
0.000000
0.000000
0.000000
0.000000
0.000000
0.000000
0.000000
0.000000
0.000000
0.000000
0.000000
0.000000
0.000000
1
0
0
0
0
0
0
0
0
0
0
0
0
0
0
0
0
0
0
0
0
0
0
0
0
0
0
0
0
0
0
0
0
0
0
0
0
0
0
0
0
0
0
0
0
0
0
0
0
0
0
0
0
0
0
0
0
0
0
0
0
0
0
0
0
0
0
0
0
0
0
0
0
0
0
0
0
0
0
0
0
0
0
0
0
0
0
0
0
0
0
0
0
0
0
0
0
0
0
0
0
0
0
0
0
0
0
0
0
0
0
0
0
0
0
0
0
0
0
0
0
0
0
0
0
0
0
0
0
0
0
0
0
0
0
0
0
0
0
0
0
0
0
0
0
0
0
0
0
0
0
0
0
0
0
0
0
0
0
0
0
0
0
0
0
0
0
0
0
0
0
0
0
0
0
0
0
0
0
0
0
0
0
0
0
0
0
0
0
0
0
0
0
0
0
0
0
0
0
0
0
0
0
0
0
0
0
0
0
0
0
0
0
0
0
0
0
0
0
0
0
0
0
0
0
0
0
0
0
0
0
0
0
0
0
0
0
0
0
0
0
0
0
0
0
0
0
0
0
0
0
0
0
0
0
0
0
0
0
0
0
0
0
0
0
0
0
0
0
0
0
0
0
0
0
0
0
0
0
0
0
0
0
0
0
0
0
0
0
0
0
0
0
0
0
0
0
0
0
0
0
0
0
0
0
0
0
0
0
0
0
0
0
0
0
0
0
0
0
0
0
0
0
0
0
0
0
0
0
0
0
0
0
0
0
0
0
0
0
0
0
0
0
0
0
0
0
0
0
0
0
0
0
0
0
0
0
0
0
0
0
0
0
0
0
0
0
0
0
0
0
0
0
0
0
0
0
0
0
0
0
0
0
0
0
0
0
0
0
0
0
0
0
0
0
0
0
0
0
0
1.353133
2.696521
4.039238
5.391226
6.781813
8.134005
9.488411
10.852952
12.211421
13.594162
14.928938
16.441138
17.897936
19.375157
20.907776
22.258847
23.678581
25.302774
28.571558
31.819858
35.153523
38.584282
42.181723
46.315558
49.701108
53.184898
56.785327
60.004122
63.255315
66.484996
69.700774
72.918561
76.342746
79.610667
82.789943
85.539096
87.000775
88.390353
89.903928
91.545818
93.232471
94.783748
97.455808
99.567662
101.650964
102.995344
104.461897
105.956673
107.440496
108.908122
110.379842
111.802572
113.280804
114.689854
116.065981
117.467775
119.881845
121.493679
123.621584
125.016264
126.377050
127.759894
129.297270
130.776042
132.193179
133.582224
134.957491
136.737828
139.052351
140.763275
142.235125
143.791732
145.232472
147.284030
149.110911
151.324728
153.977237
155.430736
156.868990
158.282359
159.688599
161.053700
162.467907
163.856565
165.244284
166.624249
168.024306
169.390817
170.791248
172.222765
173.647269
175.047892
176.424841
177.829713
179.239024
180.658240
182.089510
183.514684
185.118234
186.774348
188.218005
189.604427
191.004634
192.473135
193.879438
195.239921
196.622022
197.984990
199.351918
200.767080
202.148866
203.558990
204.922693
206.371608
207.819959
209.308015
210.755482
212.348226
213.776219
215.265240
216.736601
218.157031
219.581000
220.942308
222.328104
223.731020
225.112657
226.481253
227.880485
229.321171
230.710849
232.242972
233.691021
235.244392
236.700085
239.551015
241.320984
242.697969
244.085729
245.496113
246.892810
248.302567
249.702233
251.106841
252.510137
253.905181
255.312728
256.683091
258.078087
259.465721
260.854732
262.228245
263.721735
265.116319
266.482842
267.904175
269.300984
270.728206
272.212058
273.788906
275.245508
276.849104
278.303360
279.726617
281.118472
282.647319
284.328292
285.994619
287.395297
288.959489
290.642948
292.217586
293.698261
295.394366
297.218870
299.719350
301.170710
302.598806
304.482276
306.023749
307.658774
309.403134
311.668627
313.803464
315.207775
317.052057
319.526375
321.801305
323.764233
325.880789
328.093279
330.179267
331.680230
333.320338
334.956939
336.713458
338.555823
340.782462
343.129524
344.722789
346.315999
348.326879
350.154400
352.003072
353.544169
355.719325
357.520727
359.065258
360.848125
363.100364
364.997857
366.400353
367.875378
369.694451
371.631432
373.594387
375.567434
377.955093
380.219511
381.648194
383.554703
385.398875
387.324233
389.654644
391.274388
393.141575
395.625688
397.698329
399.693729
401.613464
403.416168
404.917760
407.037735
408.772776
410.474558
412.907611
415.099590
417.377693
419.190389
421.171310
422.749655
424.713104
426.658036
428.144305
430.258249
431.896262
433.413010
435.124061
436.666921
438.529557
440.262179
441.717808
443.162103
444.580801
446.283500
447.776757
449.902534
451.779783
453.624798
455.270388
456.765374
458.444119
459.960596
461.443140
462.934211
464.962284
466.407188
467.928298
469.366229
470.735887
472.394732
474.357252
476.162529
477.716631
479.323264
480.867472
482.357278
483.825321
485.415576
487.077679
488.611660
490.188679
491.612044
493.169151
494.805505
496.800233
498.806861
501.009518
502.854367
504.556969
506.599826
509.064442
510.448823
511.849506
513.727547
515.184578
516.554587
518.484562
519.953834
521.505703
522.973442
524.370200
525.826259
527.498908
528.963802
530.792956
532.756855
534.504723
536.433244
539.512948
540.964564
542.400794
543.867895
545.352865
548.086952
549.674321
551.267847
552.827539
554.729585
556.399373
557.813899
559.262416
560.746736
562.601787
564.189510
565.673031
567.265310
569.116758
570.742950
572.212697
573.661226
575.102359
576.641031
578.135337
579.541080
581.381265
582.770948
584.322985
585.807972
587.179656
588.568550
589.969792
591.345427
592.738636
594.110656
595.501781
596.893221
598.276280
599.664114
601.047481
602.431017
603.823374
605.213516
606.733164
608.225567
609.782082
611.559442
613.406727
614.956040
616.568594
618.048064
619.498415
620.962235
622.469398
623.908120
625.416931
626.821041
628.646691
630.192428
631.652501
633.154816
635.009419
636.481761
637.916422
639.366279
640.816186
642.297713
643.856553
645.303781
646.715946
648.159838
649.552243
651.143577
653.603264
656.069465
657.724760
659.745667
661.182873
662.603855
664.132020
665.582520
667.170348
668.654192
670.169483
672.254043
674.268909
675.906906
677.352841
678.818761
680.258630
0
0.0448822
