x coord,y coord,z coord
1.715076,0.249901,2.836454
1.897926,0.112672,2.935087
2.705002,0.011274,2.135362
0.096915,0.734275,4.377478
1.694424,0.579666,3.173061
1.680031,0.160959,3.284336
1.655790,0.103222,3.346444
2.030477,0.090736,3.115549
1.306992,0.236282,3.297197
1.279252,0.062715,4.058417
2.512776,0.761701,2.863550
1.998808,0.097036,3.097521
1.993870,0.090992,3.086469
2.141561,0.221926,3.402205
1.630059,1.686193,4.752827
1.910401,0.053017,2.752212
2.003165,0.101635,3.087070
1.912043,0.126096,3.114542
1.699402,0.051744,3.295854
1.741011,0.115015,2.471183
2.419474,0.589848,2.149969
1.740897,0.107985,2.479081
2.235968,0.703334,2.748772
1.761635,0.063169,2.983473
1.022755,0.386409,3.474782
1.623344,0.282118,3.450125
1.941943,0.112133,3.155356
1.900228,0.115811,3.097038
1.826486,0.173279,3.542675
2.108073,0.458257,3.476176
1.692692,0.044035,2.870861
1.701732,0.102026,2.543693
1.458614,0.269760,3.838629
2.297427,0.306140,3.623123
2.020003,0.002360,2.983236
3.289582,1.624686,1.454301
1.658865,1.498367,2.480097
3.193489,1.035325,2.311758
2.242034,0.196358,3.424360
1.941927,0.802806,2.961015
2.346560,0.141216,2.944370
1.654370,1.146288,2.807242
0.315358,1.241876,3.536771
2.067919,0.071404,3.650214
2.209509,0.102282,3.004343
1.966300,0.097518,3.116774
1.697062,0.048067,2.883387
1.461422,0.167514,2.836361
2.840363,0.185135,2.776384
1.928094,0.518544,3.282178
1.937948,0.485469,2.972635
1.542450,1.048779,2.585013
2.556519,1.133692,3.666617
1.893320,0.107906,3.101556
3.002835,0.473941,3.613866
1.542985,0.705872,3.875332
1.682798,0.070771,3.315470
1.401714,0.202673,2.970140
2.955695,0.035913,1.427168
2.360678,1.106004,3.464222
2.885957,1.108156,4.465335
3.149024,0.385526,4.002508
1.971723,0.157583,2.867883
1.616105,0.214379,3.186262
1.069287,0.112420,3.448788
0.934248,0.981613,2.364779
0.955998,1.469943,3.647544
1.939907,0.762178,3.323211
1.683618,0.716958,3.318649
2.352999,0.000046,2.853540
1.715488,0.779622,2.687387
1.565433,0.065959,2.946507
0.319448,0.858094,2.304647
0.989097,0.272644,3.384368
2.337393,0.314558,2.312016
1.891243,0.116318,3.106813
1.684307,0.077234,2.906386
1.687764,0.033686,2.871944
3.158501,1.493587,2.705392
0.659501,0.411512,3.873231
2.291283,0.323504,3.621408
2.017731,0.396666,2.335189
1.964717,0.075677,3.176004
2.236875,0.101371,2.883734
2.107797,0.107752,3.366897
2.735528,0.376497,2.215960
1.895852,0.653903,5.042584
1.694029,0.106926,2.551349
1.825543,0.104890,2.923354
0.403966,1.080853,3.255675
1.537420,0.616899,2.831236
2.345461,0.417626,3.042037
2.835561,0.410569,3.087795
1.694731,0.036008,2.880858
1.599074,0.178714,2.508006
1.686270,1.003942,2.030675
1.336168,0.285604,2.761527
1.247765,0.197519,3.049302
1.703202,0.166768,2.952251
2.198461,1.210844,2.178749
2.134110,0.180268,3.462416
2.007984,0.093302,3.098528
1.519167,0.025219,3.261568
2.288393,0.210568,3.265201
1.178567,0.011909,2.851296
2.066321,0.321164,2.914346
2.293705,0.063459,3.597302
1.568772,0.042783,3.262775
1.901404,0.118784,3.108023
1.261363,1.097801,3.135013
1.658990,0.160887,2.963921
1.626947,0.017043,3.214913
1.756839,0.158253,3.182630
2.134483,0.171114,3.469300
1.925569,0.106015,3.639169
1.852867,0.051674,3.327661
1.492570,0.536053,2.739459
2.339307,1.178642,3.101746
2.190991,0.953746,3.302536
1.860623,0.071364,3.028238
1.844686,0.238308,2.927070
2.207179,0.829836,3.858587
1.059738,0.774572,2.654897
2.064291,0.062347,3.659939
1.316413,0.706602,3.278555
1.351469,0.271841,2.957793
3.428340,0.533509,2.950849
0.761126,0.612705,3.633490
1.340954,0.037836,2.927479
1.446818,0.270988,3.845557
1.230473,0.405824,2.481643
3.207037,0.026518,3.634116
1.201858,1.182338,3.708142
2.281851,0.140915,2.950907
1.838698,0.059398,3.356262
2.862802,0.164120,2.137245
2.978049,0.766355,3.928809
1.540908,0.050421,3.637322
1.041385,0.194018,4.265678
1.103603,0.037552,2.611664
0.500673,1.328053,3.925367
1.892647,0.117143,3.089755
2.073428,0.114677,3.055451
1.266107,0.044207,3.448368
3.346055,0.741485,3.479500
2.858741,1.584478,3.209814
1.334528,0.460803,1.520733
0.966920,0.020564,2.499277
1.587419,1.136362,3.455767
1.921816,0.566242,3.019397
1.960567,0.150238,2.868850
1.795008,0.160851,3.107235
2.078004,0.074517,3.663840
1.483119,0.011190,2.583765
2.297954,0.310579,3.612308
1.384659,0.012002,2.910105
2.614729,0.807240,1.819571
2.336902,0.142125,2.948827
2.491077,0.944905,3.120473
2.471249,0.057589,2.919359
2.069323,1.249746,3.461849
1.730556,0.105760,2.482325
2.124460,0.179537,3.468013
2.795983,0.696602,3.062142
1.597741,1.139414,3.459742
1.497474,1.243975,2.977383
2.147138,0.165544,3.467458
1.997094,0.084599,3.097275
1.521507,0.005013,3.269260
2.170306,1.140764,1.873184
1.802105,0.223374,1.361831
0.654833,0.000638,2.966696
1.688871,0.061881,3.308725
1.730181,0.098359,2.475049
2.118473,0.421217,1.790244
1.961090,0.163783,2.869933
1.761859,1.000464,3.256819
1.734685,0.063813,3.269262
1.958111,0.049481,2.773948
1.499114,0.155159,3.269280
2.453886,1.066774,2.793843
1.959613,0.217569,3.111198
1.627371,0.210328,3.188009
2.068089,0.072850,3.660947
3.147332,0.540668,2.604935
1.939419,0.073763,3.115340
1.687321,0.045810,2.879486
2.347261,1.619470,3.883988
3.182020,1.450274,2.596070
1.406440,0.078309,3.009403
1.659191,1.900595,2.149794
1.530514,0.024673,3.258219
1.677244,0.040781,2.877068
1.685047,0.149255,3.281051
1.280862,0.121584,2.801096
2.004914,0.090160,3.088418
2.023306,0.915397,4.327296
1.877557,0.202799,3.165734
1.921599,0.064547,2.741398
2.077147,0.187117,3.055695
