x coord,y coord,z coord
4.000801,3.689225,8.473080
4.044305,4.550310,9.019382
3.931039,4.668654,9.059431
4.096240,5.427543,7.058246
4.529123,4.745091,8.456253
4.522174,4.744480,8.476093
5.876221,5.669786,8.737970
4.512802,4.766189,8.469845
4.513077,4.765506,8.442760
5.138965,4.568702,6.966609
4.539656,4.764858,8.446353
4.638143,3.909604,8.565640
4.432229,5.658397,6.563571
4.536298,4.749264,8.449070
4.527267,4.752787,8.435078
4.561015,4.748800,8.464126
4.534848,4.745898,8.439656
3.396529,4.531495,8.216987
3.766455,5.067854,7.974892
4.955463,4.784730,8.156312
4.524633,4.729333,8.447369
3.742904,2.392668,7.828742
3.566064,4.346223,8.519789
6.266792,4.198074,8.371811
5.740277,5.614669,8.994054
3.850452,5.111028,8.534812
4.530567,4.739045,8.466564
4.460639,5.233895,8.136556
4.536469,4.761392,8.437154
4.015068,4.574969,8.412409
4.602600,4.469728,8.743178
4.526436,4.748107,8.445364
3.656907,5.049885,8.502535
4.544564,4.751812,8.454170
3.911534,4.666828,9.068897
4.493574,4.775351,8.454837
4.553619,4.767903,8.457270
4.558129,4.744183,8.454920
3.209263,4.991583,8.242626
4.544622,4.769237,8.468748
4.368927,6.199948,7.799077
4.519329,4.756384,8.442820
5.079549,4.630873,7.491597
4.925986,6.085746,8.209268
4.548989,4.726336,8.462634
4.522226,4.764503,8.475799
4.525966,4.739344,8.439722
3.166295,4.087369,7.774054
4.103012,4.930366,9.034619
5.290750,4.643747,9.288749
4.517886,4.756873,8.463836
3.214052,3.956028,9.019133
4.548981,4.762108,8.476338
4.420480,4.784317,8.073854
4.549930,4.738056,8.472881
4.681148,4.879768,7.485663
4.538800,4.739577,8.429314
4.509712,4.769053,8.451215
4.388974,4.836969,8.509725
4.535180,4.763367,8.465253
5.234697,4.814082,8.999276
3.889455,5.799777,7.894023
4.035690,4.554692,9.845847
4.546122,4.777549,8.458080
5.739891,5.606463,8.981359
4.162917,3.432123,9.256177
4.465969,4.724858,8.388514
4.546699,4.775406,8.437967
4.301866,4.468707,8.957580
4.519016,4.749508,8.453267
4.561088,4.761791,8.446694
4.260151,4.771309,8.530718
4.509678,4.756628,8.450390
4.691727,5.182307,8.896603
5.102191,4.211994,8.428567
4.550467,4.745755,8.437709
4.225771,5.172864,8.796556
4.829276,4.936088,8.786669
3.790834,4.974449,8.276357
4.563777,4.762194,8.457519
3.829986,5.068031,7.926097
4.027197,4.387215,8.683000
5.683063,6.148251,9.078343
4.501129,4.760397,8.442911
5.153057,4.802149,8.584688
4.548617,4.745550,8.461983
4.535034,4.750715,8.476235
4.516555,4.753898,8.473425
4.547347,4.765479,8.438313
4.553107,4.749481,8.447854
4.543280,4.753983,8.442779
4.811814,5.822423,8.577471
4.531547,4.739215,8.448483
4.593495,4.708961,8.739626
4.521692,4.763969,8.433902
4.440429,4.416823,8.039009
4.532654,4.764499,8.477243
4.555965,4.776963,8.461666
4.537451,4.749870,8.462567
4.573067,4.821036,8.351345
3.906739,3.895787,9.451887
5.210048,4.438697,9.416473
4.549303,4.771335,8.447966
4.563891,4.773224,8.455706
4.545009,4.741184,8.447408
4.530089,4.757895,8.447300
4.529081,4.773493,8.472713
5.025234,5.199348,8.808845
4.795356,5.341952,9.101776
4.539332,4.752189,8.432102
5.255923,4.674541,7.267512
4.548190,4.735106,8.456931
4.558654,4.735060,8.458732
4.549684,4.760308,8.448867
4.522273,4.747062,8.465159
4.550156,4.755769,8.429838
5.320629,5.304218,9.264061
5.036658,4.503885,8.257943
4.344646,3.890249,7.662291
4.005202,2.673050,7.924922
3.760330,4.636635,7.889130
4.476568,4.720511,8.383324
5.019421,6.201127,7.940072
4.553505,4.755849,8.439541
3.946187,5.233391,6.830656
4.534911,4.773330,8.462856
4.554296,4.764130,8.467070
4.532146,4.730954,8.455594
4.546807,4.727000,8.449374
4.519177,4.737627,8.460728
4.792112,4.095302,7.157571
4.914747,3.903369,8.660353
4.536266,4.758992,8.456402
4.542294,4.767702,8.456481
4.023549,4.551149,9.843733
4.528781,4.766703,8.455378
4.533665,4.772462,8.441810
4.602779,4.051351,7.122525
4.528073,4.755195,8.469079
4.543084,4.760694,8.424157
4.670037,5.276230,9.911209
4.526241,4.755697,8.458339
4.506397,4.878555,7.325758
2.637355,6.608438,9.875703
4.957002,5.643596,9.125487
3.903521,3.936876,7.971327
4.739002,5.114618,8.285615
5.615504,5.017695,9.116938
4.536942,4.775303,8.452259
4.523658,4.766747,8.444171
4.530591,4.760209,8.428055
4.507881,4.753656,8.467277
4.564044,4.751480,8.452273
5.200544,4.443175,9.410930
3.964540,4.881552,8.852562
4.538559,4.740610,8.455687
4.566788,4.757093,8.471609
4.541182,4.743930,8.469644
4.530859,4.744429,8.429653
4.153215,3.420936,9.262179
4.600303,4.479980,8.740306
4.346554,6.217013,8.149329
4.537345,4.314351,9.221707
4.545636,4.759595,8.462132
4.129062,5.368235,9.271889
4.518725,4.734327,8.470830
4.375851,4.371280,9.176491
4.555065,4.754837,8.457991
4.558981,4.773239,8.445362
4.874169,4.718035,8.022472
4.515192,4.745206,8.441333
4.166857,3.852940,8.825681
5.040947,6.646921,9.301177
4.552465,4.753633,8.469910
6.430359,4.897030,7.959540
5.236651,5.015866,8.522332
4.519258,4.761051,8.452951
4.525390,4.765197,8.465941
4.709672,5.700280,9.108352
3.724827,4.068069,9.016633
4.545818,4.735938,8.438005
4.537682,4.729767,8.445720
4.299067,4.879357,9.365312
4.557553,4.769184,8.435171
4.539487,4.734233,8.464470
4.511986,4.746256,8.460394
4.467281,4.215848,7.348654
4.519541,4.772785,8.453312
4.539930,4.769700,8.429692
4.507424,4.761885,8.460661
4.533760,4.730684,8.436524
3.828972,4.594375,8.616108
4.673320,4.872848,7.490847
4.554456,4.736196,8.447049
4.862341,4.680560,8.580527
4.508031,4.743685,8.450249
4.713088,4.849425,8.072281
4.541365,4.756927,8.470746
4.521694,4.739816,8.450101
3.649824,5.797721,8.623655
