x coord,y coord,z coord
7.344051,5.245184,8.092423
7.326719,5.238271,8.084470
7.569169,5.906389,6.718410
8.281491,5.268153,9.827541
7.236541,4.240538,9.376358
6.263927,5.361236,7.969671
7.303241,5.270406,8.062875
7.339172,5.268979,8.059522
7.206130,4.929068,7.550875
6.875033,5.800172,7.677058
7.330038,5.040689,8.313005
5.640319,5.096280,7.759153
7.489237,4.851362,9.160624
7.350384,5.253066,8.070344
7.578071,5.912743,6.724577
7.136452,5.503435,8.027706
7.341738,5.267294,8.102027
7.627675,4.484397,8.725355
8.186873,4.941302,8.608578
7.354129,5.264462,8.071105
7.203388,4.937846,7.543979
6.983773,4.338736,6.945481
7.313137,5.242540,8.083125
7.348465,5.242632,8.083323
7.310952,5.249562,8.065743
7.284061,4.400402,7.581211
7.339238,5.277705,8.072673
7.334088,5.288309,8.092744
7.085715,6.348823,8.039106
6.949842,6.182131,9.250789
7.325829,5.246917,8.095950
7.329698,5.262702,8.063636
7.346384,5.273128,8.092382
6.563886,5.758425,8.492010
5.857283,4.739987,7.868796
7.347231,5.261041,8.078439
7.616918,5.902807,6.110383
7.723179,4.767838,8.445433
7.334901,5.282032,8.063983
6.419447,4.256356,9.628247
7.311401,5.273535,8.091504
7.632322,4.482464,8.714005
6.724563,4.928967,7.827237
7.330154,5.246462,8.106952
7.450274,4.658461,7.779703
8.259772,6.407041,7.185668
7.307328,5.253334,8.085696
6.950744,6.165658,9.264593
6.564704,5.712354,7.689337
8.027567,3.759202,7.613983
7.332954,5.289466,8.054641
7.322861,5.238089,8.104400
7.340746,5.267491,8.070852
7.788162,5.808496,9.135766
7.006461,5.763466,9.323012
7.313350,5.250870,8.076039
6.746545,4.089328,9.093348
7.781693,6.224130,8.211723
7.335680,5.244455,8.065425
7.923558,4.096874,7.840823
7.318798,5.261076,8.079269
6.422674,4.254892,9.640495
7.304986,5.264528,8.089394
7.261214,5.489474,8.110000
7.013728,5.737055,8.534992
7.389539,5.207390,8.927380
8.079617,5.206982,8.070405
7.320031,5.277957,8.069192
7.342099,5.271200,8.082453
6.987602,5.156766,8.422356
7.338941,5.261765,8.086797
7.324647,5.286056,8.087353
7.346068,5.280084,8.084419
9.117294,4.049453,7.726050
7.195845,3.605379,8.206530
7.323710,5.273198,8.058339
6.401760,5.205838,7.997240
7.676800,3.758553,8.021649
7.347329,5.274396,8.066032
7.330701,5.271551,8.104204
7.456468,5.326500,7.376107
6.943856,4.134654,9.677953
8.075840,4.090800,8.193144
7.293047,5.414643,8.147154
7.371229,5.331429,9.389710
7.351794,5.272219,8.076575
7.341399,5.247644,8.074540
7.324149,5.246187,8.117715
6.951570,3.891284,9.861063
7.335104,5.254239,8.080183
7.326808,5.281502,8.096124
7.328937,5.250106,8.073161
7.315706,5.253201,8.091191
7.317337,5.264473,8.089411
7.317317,5.280604,8.078939
7.312854,5.272058,8.059845
7.324948,5.267960,8.095366
7.126481,5.601526,7.622838
7.354541,5.253812,8.081986
7.321731,5.276265,8.087989
6.757449,6.215120,7.897655
7.086812,5.721490,8.413433
7.020363,5.591974,7.260683
7.310763,5.273714,8.071662
7.315606,5.268541,8.100498
7.338378,4.808332,7.338498
7.169651,5.423647,8.195750
7.042941,6.181422,6.811769
7.713128,5.759621,8.817168
7.324983,5.241349,8.064796
7.306230,5.261774,8.079311
7.309762,5.282165,8.064172
7.321075,5.263075,8.056574
7.319342,5.240066,8.091720
7.327873,5.264078,8.085604
7.353568,6.189187,7.919675
7.058073,4.278259,8.278471
7.615627,5.831415,8.678942
6.789639,5.440590,7.455046
7.542971,3.741296,8.583895
7.233565,6.315761,8.764586
7.328434,5.281729,8.078011
7.296883,5.266692,8.080139
6.724264,4.941442,7.833175
7.575323,5.875881,9.814215
7.321671,5.256590,8.068615
7.314179,5.269894,8.081348
6.634679,5.169343,7.377066
7.306775,5.282894,8.075465
7.121423,4.748682,8.294435
7.346918,5.288109,8.091823
7.338240,5.287294,8.079012
7.046921,4.977205,7.346563
7.323049,5.272019,8.077540
7.335035,5.251944,8.090667
5.909969,5.884059,8.551840
7.332754,5.271475,8.078898
7.376716,5.281841,8.140980
7.342265,5.270648,8.112157
6.610404,5.057124,8.120740
7.302920,5.275037,8.085086
7.318386,5.252141,8.057798
7.127651,4.760001,8.301652
7.067621,5.747028,7.332702
7.966944,5.439505,7.627725
7.058518,5.743158,7.325266
7.318881,5.267062,8.069381
6.337919,4.393188,8.156737
7.672083,6.774800,7.483329
7.320482,5.257062,8.102026
6.971686,6.063285,8.157391
6.478580,5.862181,7.819523
8.284971,5.658172,8.968966
7.082273,5.196469,8.100620
7.335349,5.269639,8.093346
7.333650,5.278137,8.087648
7.343159,5.235761,8.077564
7.594075,5.334059,7.819550
7.313308,5.240369,8.071369
7.336713,5.243307,8.084690
7.342758,5.257840,8.095897
7.349095,5.285146,8.074313
7.729847,6.238044,8.762246
7.446864,6.511776,8.483139
7.666773,5.420430,8.162359
7.324780,5.249611,8.084947
7.565305,4.527766,8.396912
7.337411,5.256065,8.068933
7.236898,6.248683,6.818792
7.590119,5.026893,8.121439
7.310840,5.259721,8.067310
7.325125,5.257118,8.092852
7.313865,5.286050,8.087942
7.817568,4.175870,7.672127
7.333570,5.239663,8.095538
7.988097,4.226067,8.118958
7.645700,5.549579,8.893816
7.374181,5.255659,8.227907
7.329377,5.262303,8.074279
7.273403,5.624006,7.335318
7.331563,5.256238,8.102562
7.277464,4.392057,7.578594
7.340343,5.279961,8.099202
7.344329,5.252444,8.084927
7.339160,6.190112,7.903671
7.357100,5.236147,8.086260
6.619352,5.049832,8.119922
7.328563,5.252178,8.061497
8.510980,5.305473,7.494556
7.725328,5.084054,8.421640
7.346220,5.261615,8.063905
7.321993,5.242190,8.076223
7.332134,5.238392,8.073399
6.702757,4.616430,7.671995
7.341278,5.259341,8.110264
7.153271,5.275459,8.159427
8.208614,3.790522,8.095542
7.330457,5.273485,8.068920
7.350186,5.261766,8.089792
7.384652,5.424892,7.974188
