x coord,y coord,z coord
5.253739,7.676423,1.583627
5.050305,7.278296,0.350239
5.087938,7.305905,0.321362
5.034260,7.292856,0.315758
4.508810,6.893292,0.506268
5.169312,7.455599,0.131494
5.063125,7.280017,0.340352
5.069701,7.275239,0.332446
5.061195,7.270827,0.315523
5.054498,7.250907,0.342971
5.045132,7.299632,0.347436
5.081607,7.292860,0.338626
4.462158,6.691723,0.876404
5.061276,7.313872,0.315303
5.065631,7.266925,0.326469
5.229110,7.036540,0.110593
5.082579,7.281128,0.321294
5.040450,7.287019,0.324695
4.080033,7.717237,0.108447
5.058530,7.294088,0.331820
5.037869,7.277638,0.336595
4.607290,7.785861,1.781009
3.762566,7.163040,0.726436
5.042491,7.272681,0.345325
5.064793,7.286951,0.318133
5.123769,7.916629,0.137323
5.048249,7.304134,0.328021
3.633643,7.684839,0.045802
5.044734,7.279051,0.319450
5.053689,7.274952,0.323702
5.817606,7.021044,0.085421
5.334184,6.580307,0.001355
5.056284,7.285016,0.304253
5.077422,7.291554,0.316724
5.544446,7.684869,0.183586
5.081723,7.276402,0.310633
6.033051,7.881453,1.373100
5.064237,7.277759,0.323220
5.810825,7.126548,0.105230
5.066375,7.265621,0.338894
4.516606,6.883508,0.489388
5.253969,7.771613,1.269875
5.050548,7.289943,0.352843
5.977232,6.484196,0.484140
5.050829,7.316826,0.322887
5.055510,7.282348,0.316624
4.497629,6.908856,0.334233
5.167849,7.080141,0.184600
5.066590,7.304726,0.348339
4.135515,7.510475,0.513960
5.264707,5.879493,0.757622
6.120052,6.848234,0.161126
4.018557,7.280551,0.504333
4.809232,7.965155,1.152614
5.067116,7.293690,0.339684
3.376588,5.510027,0.695109
5.056359,7.291710,0.312527
5.057526,7.303286,0.311694
5.056919,7.310056,0.332744
5.076861,7.292653,0.329370
5.063110,7.303529,0.337983
3.538321,7.384333,1.252405
4.518561,6.892321,0.496680
5.115770,7.194486,0.244200
5.520839,7.151344,2.491990
5.072851,7.284877,0.342590
5.050139,7.276194,0.298988
5.214904,7.371125,0.133239
4.110533,7.290859,0.905054
5.061132,7.271365,0.355129
5.043145,7.283522,0.303507
5.554043,7.688901,0.180229
4.439739,6.861909,0.079782
5.046753,7.310605,0.338041
5.041152,7.300571,0.336046
5.037463,7.283989,0.347723
5.076389,7.309124,0.351177
4.956190,7.345357,0.296872
3.260798,6.129398,0.964832
5.439200,6.816503,0.386525
5.070540,7.278070,0.313129
5.079084,7.290964,0.350503
5.026163,7.291642,0.335405
5.054710,7.284955,0.329213
5.060632,6.912513,0.430358
5.340562,8.927768,0.450425
4.884494,7.748051,0.102872
5.036030,7.295403,0.344027
5.027653,7.275117,0.330471
5.050491,7.290978,0.321606
4.875274,8.705819,0.214725
6.111045,7.464602,0.267129
5.051202,7.301737,0.358150
5.068044,7.294562,0.324834
5.058015,7.273557,0.333788
5.878728,8.571862,0.215431
3.894177,6.666141,0.711934
5.067043,7.305902,0.319333
5.083515,7.300828,0.329489
4.606210,6.763184,0.886082
5.056215,7.307309,0.346321
5.030322,7.287080,0.324847
5.086821,7.298327,0.314229
3.643092,7.398327,0.889458
4.465877,6.683616,0.882116
5.073452,7.311155,0.337543
5.046587,7.269848,0.335650
4.418774,7.046632,1.007983
5.087790,7.291281,0.324013
5.226682,7.476929,0.025048
4.217456,6.493227,0.408870
5.113804,7.207206,0.245294
5.073176,7.283276,0.324493
5.045340,7.289102,0.312328
5.073963,7.272882,0.322515
5.063015,7.286646,0.294561
5.981109,7.683706,0.363589
5.081548,7.268996,0.330067
5.071241,7.302249,0.331230
5.055432,7.289085,0.340528
5.608025,7.623983,1.315073
5.070122,7.207466,0.105781
5.045723,7.278819,0.329900
5.571140,6.373867,0.075691
6.239005,8.724145,0.225663
5.341927,6.860120,0.058862
3.413506,7.062318,0.552029
5.066565,7.296702,0.313760
5.496079,7.290630,0.628815
5.213345,7.378894,0.144253
5.050770,7.263965,0.345215
5.003823,7.191774,0.044789
5.044309,7.289196,0.341983
5.331267,7.034231,0.073832
4.180058,5.278981,1.037999
5.250322,6.144115,0.208413
4.393704,6.915788,0.317887
5.685209,8.214888,0.735496
5.083385,7.177258,0.829771
5.066214,7.285677,0.306760
5.058813,7.299730,0.322313
5.049222,7.305380,0.304587
6.200372,7.729400,0.887870
5.424994,7.166907,0.193665
4.888946,7.148102,0.494646
5.036206,7.290500,0.334060
4.883312,6.647462,0.596015
4.667688,8.599501,0.264008
4.896443,6.937969,0.843968
5.058480,7.296922,0.346562
5.077640,7.301361,0.320098
4.829568,8.154236,0.153811
4.547079,8.490836,0.560282
5.062394,7.318071,0.325786
5.072453,7.316224,0.316691
5.077043,7.284359,0.304433
5.065137,7.285358,0.331045
5.061106,7.286891,0.349638
5.075010,7.295191,0.304653
5.916873,7.900477,0.328520
6.300361,6.739778,0.579936
5.072647,7.274020,0.342700
6.771492,5.755193,0.685339
6.534118,6.730698,0.032323
4.662830,7.508649,0.828119
5.819987,7.676003,0.439029
5.037485,7.272214,0.323423
5.083023,7.036843,0.783111
5.074516,7.299450,0.344025
5.570706,6.927461,1.171772
5.040124,7.297707,0.306520
5.071921,7.306912,0.309020
4.136087,7.519424,0.520159
5.047029,7.163234,0.413387
5.057609,7.271865,0.344993
5.646242,7.911101,0.020413
5.819735,6.666721,0.012545
5.068235,7.281836,0.355036
4.831184,7.732105,0.899129
5.040502,7.297677,0.322942
4.564485,6.150289,0.566939
5.056845,7.263086,0.335847
4.871592,6.658897,0.595154
5.142731,7.199195,0.470436
5.047762,7.300536,0.315354
5.051904,7.275081,0.309751
5.074519,7.311836,0.326491
5.061085,7.282875,0.362548
5.884470,8.577647,0.204716
5.035143,7.283658,0.311716
5.060638,7.297050,0.303604
5.047329,7.291979,0.332704
5.079481,7.283417,0.333945
4.724829,8.421682,1.095823
4.835504,8.160976,0.159571
3.884208,6.662564,0.706261
5.330226,7.193114,1.002738
5.682643,9.347152,1.616630
5.051870,7.300341,0.337811
5.049941,7.279715,0.339381
