x coord,y coord,z coord
5.479709,2.781053,4.209163
5.289533,2.439505,4.889133
5.465067,2.776073,4.127128
5.018503,2.536244,4.893085
5.419879,2.797338,4.201760
5.426628,2.798083,4.234534
5.411308,1.406219,4.437643
5.522164,2.830716,4.232429
5.431096,2.823856,4.219549
5.539078,1.718674,3.683976
5.431958,2.802658,4.187792
5.632094,3.237425,4.637706
5.481044,2.821605,4.204581
5.429541,2.778219,4.181306
5.425751,2.863359,4.201376
5.448927,2.796115,4.211344
5.425636,2.813161,4.236679
5.458694,2.806190,4.174315
5.126743,2.660724,4.695489
5.058932,2.091255,3.138428
5.410178,2.838078,4.238880
5.448838,2.793929,4.200346
6.348234,2.711681,3.806450
5.819914,2.860951,4.585494
5.472223,2.501908,4.388205
4.654027,2.478109,4.933544
5.483754,2.851448,4.191127
5.453115,2.819622,4.211873
5.457444,2.778006,4.170984
5.477090,2.845237,4.250695
5.596023,1.942615,4.527338
4.306069,3.605294,3.405470
5.438288,2.799224,4.165810
6.799280,1.933838,3.798977
5.464355,2.870729,4.205875
5.463586,2.860334,4.172429
5.452979,2.821947,4.222862
5.949996,3.801450,3.409929
5.416482,2.827074,4.182558
5.445206,2.803273,4.204046
5.484944,2.845672,4.207911
5.410467,2.839588,4.217866
5.676883,3.168522,4.998559
5.596634,3.215528,4.206347
5.407453,1.406214,3.385730
5.433869,2.791847,4.185564
4.992448,2.010540,3.703788
6.351276,2.373204,3.295627
5.066782,2.267741,3.586837
5.259429,2.748366,4.508495
5.432862,2.841006,4.187061
5.451980,2.844610,4.227820
5.417372,2.801683,4.164330
6.634149,2.802829,3.181313
4.592908,2.861122,4.096314
5.111919,2.652646,4.559551
5.458073,2.840118,4.220196
4.469794,1.907783,4.800318
5.439699,2.806115,4.194697
5.484160,2.819943,4.144052
5.445964,2.873926,4.200047
5.441368,2.838223,4.227868
6.674996,4.219605,5.251645
6.345110,1.690670,3.681164
4.202822,3.589597,3.505239
4.195203,1.811166,3.250467
5.370271,3.036089,4.062554
5.733480,2.526521,3.874889
5.569567,2.825221,5.332098
5.469266,2.834013,4.219820
4.621738,3.188474,3.676766
4.720967,2.200677,3.954554
5.449877,2.795779,4.179803
5.184693,1.640943,6.586222
5.413928,2.889970,4.025112
5.402122,2.819581,4.219073
5.837188,3.064417,2.831945
4.295342,3.799465,4.301502
5.456486,2.810708,4.247531
5.639076,2.747722,4.381778
5.473706,2.888385,4.219133
5.444685,2.842185,4.261426
5.440798,2.786547,4.194662
5.823938,3.207250,6.183520
5.415499,2.505489,4.382273
5.869569,3.506896,3.181613
5.858516,2.521583,4.753299
5.448322,2.777176,4.176993
4.425385,1.394918,4.602134
5.448189,2.827265,4.233360
5.439894,2.763442,4.195888
4.755543,3.846305,3.563228
5.438575,2.763205,4.220437
5.209730,2.199803,4.675715
5.667621,2.687163,4.133682
5.485569,2.851846,4.231320
5.419743,2.852707,4.205722
4.890098,3.039244,4.690134
5.339961,3.318574,5.531420
5.119745,1.544344,4.740543
5.596349,1.931543,4.528047
5.048488,3.649510,4.135407
5.449649,2.846727,4.274992
4.430178,1.827050,3.730469
5.491286,2.461034,3.763081
5.397938,3.190948,4.213070
4.539291,1.910626,4.755475
5.135583,2.981628,4.403486
5.246539,2.397766,4.061464
5.455408,2.863579,4.204838
5.466588,2.843912,4.215587
5.117188,2.656591,4.700347
4.069027,1.119421,3.906249
5.446477,2.826805,4.169215
5.348494,2.007579,4.967451
5.117455,2.667678,4.697656
5.493634,2.805550,4.191501
6.180942,1.295233,5.264272
5.415996,2.832140,4.196216
5.479218,2.831245,4.222780
5.469233,2.816531,4.154182
5.699454,3.308911,4.110021
6.139874,1.612870,5.699656
4.131614,3.195121,4.862963
4.889640,1.498964,4.867541
5.499097,2.847382,4.184794
6.859399,1.001523,4.962486
4.903235,2.385811,5.184054
5.416222,2.794936,4.232333
5.537368,2.650991,4.072647
5.515399,3.185555,4.678470
4.412327,2.244132,3.568982
4.487208,2.930126,5.444471
5.501519,2.147147,3.977217
5.014900,2.418813,4.105817
5.318503,3.275054,3.283614
5.542577,2.232311,4.116793
4.433404,2.298356,4.257897
5.433794,2.785404,4.224549
5.451963,2.805015,4.185689
5.150281,2.975237,3.261819
5.136872,2.459789,4.191649
5.476927,2.793021,4.179798
4.646808,2.479391,4.947126
4.909276,2.720565,4.216905
5.466388,2.770399,4.195389
5.486510,2.817448,4.233278
5.470226,2.802573,4.178234
4.929680,2.942879,4.205673
4.219565,2.468122,4.239100
5.736314,3.835766,4.401067
5.516189,2.848672,4.171984
5.993251,1.955827,4.657294
4.302145,3.787774,4.289438
4.336027,2.801772,3.841760
5.455357,2.788215,4.206596
4.542563,1.899618,4.759068
5.415545,2.736845,3.940918
5.291675,2.768670,3.861890
5.309978,1.740252,4.401410
5.421231,2.801134,4.212130
5.428208,2.832796,4.204872
5.198188,2.370121,4.823907
5.454223,2.772462,4.198704
5.472127,2.770801,4.226185
5.505565,2.832864,4.198221
5.460858,2.791522,4.249311
5.467071,2.824632,4.236403
5.035562,2.620120,4.174035
3.458828,2.604801,3.514047
5.483543,2.781801,4.226698
5.299031,2.530949,4.087521
4.461236,2.968697,3.505542
5.444625,2.848972,4.208375
4.190705,2.187686,3.626964
5.441584,2.812729,4.240443
5.442148,2.811210,4.184938
5.427800,2.852360,4.175388
5.430129,2.835518,4.228008
5.494302,2.824115,4.183990
5.447080,2.813391,4.203796
5.333012,2.753772,4.378543
5.480151,2.792789,4.193506
5.559123,3.290337,4.610900
5.527488,2.614554,4.225475
5.384259,2.708896,3.922876
4.245315,3.709088,4.793969
5.386516,2.433783,4.002947
4.908794,2.640084,3.249620
5.406955,2.825748,4.205821
5.005415,2.623143,3.833328
4.753177,2.078480,5.166457
5.165226,2.930551,4.416824
5.444892,2.777312,4.219916
6.761079,2.770485,4.768126
5.083179,3.295937,5.250987
5.956087,2.156143,4.030509
5.436143,2.795437,4.195226
5.430211,2.868117,4.215907
5.356057,3.037388,4.067603
5.568154,3.625258,3.961397
5.296944,2.283116,4.239280
4.756771,2.403997,5.324046
5.448743,2.837218,4.252933
3.978802,2.478700,4.125557
5.467631,2.814364,4.251999
5.499784,2.796911,4.219951
4.871041,2.797156,4.269713
5.413466,2.826645,4.243495
5.452356,2.814827,4.179233
5.438248,2.809544,4.171038
5.576659,2.743510,4.781529
5.452815,2.810666,4.147622
5.441941,2.827883,4.224017
4.345089,4.100963,4.004841
4.831457,2.299827,4.584845
5.650131,2.877154,4.052194
5.496408,2.832555,4.164337
4.450669,1.527133,4.018846
4.770223,2.900237,1.632412
5.460413,2.829645,4.166715
5.457934,2.800605,4.204120
6.192322,2.014392,3.702257
5.090953,2.412415,3.992857
5.424914,2.773058,4.222649
5.428500,2.792466,4.213824
5.442057,2.563041,4.121021
4.098173,3.306140,2.642791
5.452894,2.832065,4.155025
5.041730,2.720530,3.926930
5.475354,2.809930,4.170830
4.215909,0.945916,3.122736
5.425795,2.804351,4.150166
5.470691,2.833550,4.230660
5.425671,2.850617,4.185555
5.453827,2.829210,4.246557
5.401632,2.796730,4.236720
5.020787,2.166307,4.256673
5.169603,2.939434,4.421340
5.306356,2.984262,3.876090
4.625381,3.272428,4.749703
5.722766,2.237033,4.580331
5.465648,2.820645,4.166138
5.430943,2.808075,4.243842
5.461030,2.790930,4.197458
5.481896,2.787340,4.160310
5.481106,2.780841,4.197939
6.188653,3.404449,4.153291
5.433514,2.814643,4.192471
5.408183,2.795823,4.198527
5.423910,2.786369,4.231983
5.078992,2.566079,3.790309
4.838917,2.387063,4.940691
5.515592,2.844558,4.312081
5.458585,2.800194,4.243501
5.462912,2.799126,4.167299
5.261074,3.233221,2.988885
4.639870,2.411913,2.579550
5.498853,2.753974,4.224885
5.458238,2.817016,4.159552
5.788706,2.236182,3.535664
7.130589,2.204846,4.645716
4.768935,1.577187,4.215487
4.971935,2.942295,3.430152
5.446871,2.782561,4.203742
4.307068,2.364474,4.646567
5.129242,2.650033,4.700401
5.413287,2.810026,4.224392
5.415127,2.849660,4.230757
5.276925,3.004161,3.953952
5.443524,2.808081,4.159362
5.437502,2.774454,4.191381
5.304365,2.880250,4.275434
5.422275,2.841126,4.234757
5.285196,2.946281,4.452613
4.791539,3.018182,5.176944
5.133265,3.148736,3.773602
4.526131,2.288142,4.070669
5.422668,2.863124,4.234338
5.446351,2.787794,4.162397
5.449051,2.838013,4.164991
5.172689,2.928748,4.426525
5.423535,2.831543,4.213904
5.483725,2.864308,4.227858
5.448638,2.804411,4.243779
5.439796,2.791362,4.203806
5.902881,3.201165,4.753210
5.418216,2.813224,4.164754
5.082314,3.297568,5.261062
5.170614,2.668768,4.651483
5.461740,3.525974,4.453631
5.455529,2.851061,4.188612
4.392098,2.151874,5.785420
4.639491,3.733214,3.409600
5.472550,2.763337,4.201361
5.459223,2.812589,4.205667
5.415768,2.976400,4.712938
5.412571,2.818472,4.195398
5.550151,2.231012,4.125855
5.664385,2.203175,4.741861
5.489049,2.811500,4.157022
6.052001,3.510766,4.388423
5.427334,2.845609,4.215455
5.876251,2.343227,4.306759
5.476471,2.821366,4.169294
4.989719,3.204140,3.758809
6.811898,2.790430,3.242347
5.303570,2.973865,3.880441
5.412849,2.833867,4.208400
5.466102,2.807915,4.210661
5.920399,3.289078,3.949967
4.444647,2.275970,4.518918
5.428010,2.863794,4.225210
5.428026,2.828785,4.180904
5.501246,2.831073,4.237883
5.023164,2.465224,4.065745
4.431047,2.179726,2.748968
5.441647,2.807252,4.213142
4.023035,2.726022,3.326691
5.477532,2.852766,4.182730
5.469851,2.793191,4.189160
5.451646,2.892252,4.204849
5.577704,3.623009,3.926638
5.486881,2.832136,4.158435
5.147811,2.460450,4.195408
5.471235,2.855808,4.164743
5.477810,2.810159,4.181722
5.443591,2.839793,4.190154
5.454547,2.798041,4.159365
5.435127,2.779363,4.203433
5.430504,2.107290,4.305976
5.472172,2.780619,4.231965
5.416827,2.816630,4.205954
6.206466,3.350167,4.356227
5.446111,2.766700,4.212877
5.482373,2.871561,4.168949
5.494277,2.777515,4.185005
5.468783,2.800085,4.199549
5.466116,2.786736,4.180690
4.390151,2.386158,5.652270
5.460513,2.780411,4.200074
5.773025,3.369446,4.669203
5.500298,2.840260,4.228974
5.422250,2.795997,4.180090
5.453536,2.431105,3.281517
5.434219,2.815263,4.213544
5.294920,2.528803,4.077612
5.888077,3.842439,4.360399
3.806664,2.208117,4.046206
5.480189,2.841546,4.221530
5.234183,3.182851,4.970941
5.437509,2.774026,4.214260
5.372759,2.822032,4.055373
4.446317,3.430773,5.049676
5.298032,2.286830,4.424527
4.134579,3.624317,4.539169
4.215315,1.690523,5.276819
5.450185,2.844467,4.183122
5.473239,2.800699,4.226354
5.847941,2.724244,5.214565
5.132676,4.447648,3.784805
5.489701,2.769562,4.151639
5.473146,2.811766,4.218786
5.127507,1.864623,3.201961
5.655378,3.693519,3.813280
5.465564,2.773607,4.182542
5.494805,2.791438,4.179390
5.502142,2.870512,4.195601
4.808385,2.260601,4.151196
5.633387,2.676172,4.300440
5.445128,2.776954,4.165106
5.445999,2.817189,4.263067
5.570164,2.823867,3.807331
4.937862,2.933222,4.226773
5.457364,2.843179,4.247081
5.414711,2.893892,4.564409
5.487206,2.824278,4.225962
5.421421,2.827175,4.249807
4.817947,2.577834,5.437815
5.501453,2.783575,4.217114
5.464876,2.836403,4.200293
5.469186,2.802556,4.255371
5.436674,2.792476,4.174292
5.517005,2.838136,4.190991
5.480412,2.798157,4.218931
6.049002,3.817351,5.119816
5.485732,2.852341,4.247395
4.842618,2.968776,3.422445
5.500729,2.788484,4.200071
5.421225,2.837411,4.177105
5.645081,3.039937,4.015763
6.194005,1.654662,4.263751
5.473768,2.828508,4.207858
6.251838,2.853014,3.950643
6.258390,1.651975,3.304893
6.201908,2.067835,4.755884
5.927964,2.555783,2.774207
5.427224,2.780568,4.215283
5.433751,2.795940,4.225990
5.471560,2.817014,4.209344
5.452279,2.785922,4.192852
5.500361,2.868108,4.208092
5.476583,2.836463,4.242137
6.083399,3.003216,4.893642
4.377215,2.187713,5.446130
5.484963,2.828037,4.214373
5.942228,3.570021,5.816608
5.428457,2.805468,4.161989
5.491721,2.784772,4.212896
5.414034,2.812409,4.237157
4.495205,2.732587,3.932761
6.824937,2.321991,3.638053
5.462586,2.780551,4.239931
6.577221,2.115552,4.592795
5.457124,2.768867,4.187734
5.464490,2.810322,4.164805
6.826741,1.813579,4.877154
6.084857,2.992071,4.891685
5.467500,2.832542,4.190775
5.425698,2.742933,4.019261
5.463527,2.838536,4.263349
5.518314,2.761872,3.756164
5.512064,2.810281,4.209637
5.948440,1.924061,3.321001
5.435308,2.811077,4.255478
6.435638,0.847477,4.555588
5.764661,3.252785,4.645678
5.888448,2.659392,4.627636
6.515588,3.188259,4.987627
5.445941,2.815781,4.194142
5.894499,2.527174,4.227890
5.111756,2.652374,4.708056
5.116691,1.957405,4.888572
5.418865,2.786697,4.215524
5.461689,2.823962,4.209706
5.486422,2.848295,4.176902
5.450813,2.426575,3.291316
5.456479,2.940716,4.212861
5.429457,2.790222,4.203461
5.861152,2.406040,3.596559
5.453624,2.785135,4.259264
5.475402,2.860389,4.232441
5.475374,2.817810,4.194464
5.447272,2.785665,4.213683
5.416897,2.781814,4.189066
5.504213,2.822326,4.196068
5.910046,2.460128,4.534856
5.513404,2.840839,4.212577
5.505020,2.819294,4.208813
5.500079,2.781831,4.191820
5.612950,2.962409,3.783300
4.752180,4.438066,5.787446
5.089445,2.569143,3.789107
5.491075,2.779280,4.199785
5.444175,2.797501,4.190320
5.421041,2.790725,4.242001
5.472195,2.773867,4.211144
5.473221,2.848327,4.224775
5.505575,2.804624,4.190349
7.212325,3.299735,4.050874
5.079316,2.565598,4.249266
5.499726,2.812911,4.230300
5.477842,2.814211,4.160362
6.749235,2.528734,3.323862
6.390282,2.788317,4.782198
5.490278,2.794166,4.220523
5.484074,2.806432,4.193818
5.460822,2.771427,4.220210
5.420415,2.806540,4.243042
6.405480,1.315732,4.490532
5.865784,2.273084,3.316220
5.484910,2.825364,4.178594
3.983968,2.917239,4.973203
5.511363,2.815945,4.218557
5.519075,2.107134,4.106288
5.493552,2.782528,4.170802
5.734756,2.423908,4.225613
5.702092,3.143117,4.602957
5.514488,2.827789,4.195050
3.948981,1.753135,2.972466
6.611158,2.520589,5.072640
5.473954,2.808983,4.201306
5.383799,3.185580,3.798008
4.564248,3.048111,4.650975
5.512659,2.794133,4.198293
6.018384,1.759926,5.846993
5.438403,2.860664,4.242769
5.069804,1.997199,3.629897
5.491960,2.806229,4.250665
5.445938,2.825593,4.255230
5.437350,2.819747,4.233556
5.495024,2.827030,4.173704
5.515771,2.833173,4.222084
5.449429,2.769096,4.236285
5.602448,1.938255,4.535961
5.422936,2.807589,4.183674
5.493219,2.778538,4.221734
5.469285,2.798101,4.215845
5.422128,2.820669,4.188284
5.506606,2.838351,4.189977
5.438112,2.833510,4.256993
5.507896,2.853419,4.237790
5.488914,2.836072,4.225080
5.447688,2.816630,4.231344
5.415700,2.698120,5.209027
4.808206,2.376789,5.086505
5.057201,3.032861,4.866700
5.447017,2.805439,4.256040
5.431824,2.274056,4.278028
5.508757,2.848866,4.189342
5.558000,2.724230,5.430582
5.498833,2.797027,4.232130
5.194157,2.447421,5.214384
6.437469,1.096539,2.712682
4.401032,1.096207,5.959560
6.437534,2.607311,3.855801
5.695054,2.472984,3.820747
5.949017,3.596477,4.103259
5.477803,2.777937,4.219480
5.706629,2.373066,2.873223
5.446910,2.754797,4.215500
5.456727,2.799226,4.227342
6.095274,3.046203,4.927455
5.481521,2.857712,4.211233
5.142736,2.159479,3.652171
5.462908,2.817106,4.217591
5.690616,2.739501,4.315835
5.432150,2.835088,4.217668
6.659582,3.344852,3.458526
5.444533,2.778053,4.234159
5.454591,2.818062,4.255728
5.440083,2.795976,4.216051
5.206109,2.548046,4.332945
5.561816,2.387923,4.222603
5.484268,2.827475,4.196427
5.499408,2.842879,4.175066
5.501081,2.806826,4.209727
6.182717,4.206767,3.748454
5.276339,3.467810,3.010034
5.455691,2.775153,4.209503
6.261648,2.837436,3.941694
5.478832,2.878478,4.213615
5.264008,2.714067,5.214240
4.841737,2.709276,3.710746
5.441795,2.869906,4.239112
5.488843,2.821817,4.255561
5.723221,3.701802,2.944339
5.448215,2.857037,4.233973
5.119727,1.946834,4.889992
5.747717,3.521451,5.013811
5.437056,2.763125,4.207742
5.443607,2.829068,4.158651
5.119343,2.768259,4.607068
5.509916,2.864960,4.201928
6.060563,2.651427,4.107391
5.455237,2.780142,4.219655
5.705106,3.655891,5.181193
5.514749,2.819387,4.202052
5.488954,2.841061,4.163750
6.141470,2.568368,4.220622
5.492159,2.804719,4.216136
5.433372,2.855931,4.220196
5.496124,2.837814,4.194955
5.725128,2.236271,3.797060
5.407346,3.440072,4.451212
5.497146,2.821154,4.236927
5.843601,2.819981,3.650062
4.244642,2.595822,4.728587
5.484596,2.866175,4.216168
5.506283,2.829164,4.216622
5.928097,2.948143,4.917732
5.442886,2.825801,4.268654
6.479305,3.378876,4.300747
5.428899,2.784299,4.194609
6.248411,2.844010,3.941883
5.511430,2.841060,4.179661
5.934568,3.881488,3.765785
5.454201,2.819661,4.199460
5.439782,2.780508,4.242833
5.821116,2.067625,3.432753
5.326170,3.067372,5.647145
5.560622,2.981293,3.658561
5.455942,2.830790,4.203593
5.476646,2.758184,4.224504
5.085268,1.658136,5.351550
5.603781,2.945285,4.325144
5.482141,2.840263,4.155731
6.450590,2.910816,3.279930
5.436660,2.874587,4.209117
6.427348,2.999046,3.099218
5.822299,2.241306,5.463772
5.170224,3.468794,4.639026
5.466180,2.755942,4.205954
5.497041,2.829648,4.228176
6.516966,2.302855,5.055438
5.504093,2.822649,4.226083
5.579499,2.827857,3.798899
5.431876,2.795609,4.247483
6.392507,1.051041,4.676179
5.457799,2.791783,4.185996
7.204271,0.480554,4.456006
4.864581,3.678400,4.447995
5.439171,2.847947,4.198593
5.432904,2.827118,4.167302
5.450095,2.862208,4.243790
5.512157,2.799858,4.211655
6.137583,2.901391,3.237054
5.446577,2.857300,4.200892
5.746383,1.644921,4.628217
5.501104,2.819946,4.167892
5.471970,2.850405,4.173430
6.984539,2.167627,3.229192
6.428596,2.600389,3.859475
5.593463,2.536114,3.934505
5.498049,2.792216,4.189144
5.705986,3.139873,4.614935
4.500922,3.315486,5.008271
4.562650,2.945945,4.771010
6.173382,3.470118,4.156403
5.468338,2.761531,4.214316
5.472451,2.823085,4.217666
5.418852,2.868639,4.186650
5.432912,2.819974,4.242433
6.005257,1.618148,3.593667
5.495731,2.854382,4.243763
6.081988,2.455945,4.407123
5.336629,3.921047,2.937722
5.415415,2.807454,4.253075
6.722624,0.316417,5.044534
5.855796,3.501301,4.098319
5.473061,2.806499,4.244635
5.600360,1.955665,4.058168
5.462712,2.852528,4.221091
5.438814,2.802759,4.250669
4.532300,2.752478,4.366660
4.867174,3.398155,4.518644
5.482238,2.787846,4.217376
5.241000,2.208207,3.768898
5.520346,2.816729,4.210275
5.511398,2.802088,4.221629
5.455782,2.780360,4.249746
5.467153,2.318014,4.038366
5.450483,2.797060,4.169837
5.484989,2.811337,4.206753
5.464478,2.804804,4.222520
4.329108,1.849844,2.282452
4.393389,2.360498,3.157078
5.516188,2.824653,4.214797
5.449762,2.837198,4.237015
5.728575,2.545928,3.900174
5.455335,2.810377,4.225996
5.495725,2.815544,4.211676
4.761431,2.246346,3.866184
5.447930,2.763868,4.189697
6.225763,3.518078,5.435178
5.620110,2.585893,3.899252
4.977939,1.833513,4.157853
5.481144,2.781096,4.149881
5.485943,2.817188,4.185698
5.504953,2.808344,4.179646
4.304234,3.892648,2.177253
5.460527,2.765467,4.207770
5.471612,2.778537,4.201456
5.484208,2.788873,4.203009
6.832565,2.221918,3.731817
5.435644,2.816898,4.451986
5.974769,2.889169,4.386530
5.470527,2.828899,4.247252
5.424595,2.798354,4.221878
5.445307,2.805415,4.232672
5.533840,2.867318,4.142988
6.134461,2.151674,5.040847
5.939884,2.166309,4.224928
5.936443,3.409731,3.928556
5.473710,2.787595,4.223167
5.492796,2.809645,4.237952
5.126500,2.947645,3.594928
5.895366,2.297286,4.632948
5.437791,2.831005,4.234909
5.495349,2.800977,4.173743
5.490433,2.871951,4.224300
5.005850,2.632302,3.841535
5.458113,2.800717,4.215931
4.542723,2.933705,3.421247
5.472553,2.788144,4.199198
4.969619,2.516001,3.581969
4.302615,2.491394,4.431541
5.481082,2.829680,4.248541
6.058747,2.661155,4.110838
5.413422,2.507966,4.204420
5.490930,2.837054,4.176315
6.480812,3.372924,4.310518
5.426730,2.829232,4.195197
5.845644,1.890988,3.965124
5.288346,2.175452,5.126949
6.512279,2.298164,5.066169
5.452429,2.783513,4.239134
5.195111,2.118726,4.830450
5.662239,1.123138,4.309477
5.458981,2.754979,4.225261
6.220801,2.846796,4.137801
5.481775,2.853576,4.221590
5.503399,2.832476,4.176716
5.455596,2.806586,4.236115
5.458839,2.761689,4.195700
5.434721,2.799962,4.206348
5.483681,2.809685,4.243142
5.723571,1.401075,3.496904
5.437236,2.774552,4.226422
5.293767,2.700873,4.229530
5.466143,2.781445,4.191195
5.611155,2.811479,4.652542
5.485423,2.838763,4.248629
5.517705,2.837547,4.243452
5.437709,2.396759,4.197922
5.483890,2.830359,4.169335
5.425938,2.816801,4.156903
5.457518,2.780986,4.182491
5.494646,2.824437,4.217981
5.648989,2.340833,2.823842
5.497137,2.547342,4.628194
5.510878,2.829257,4.206627
5.459757,2.775288,4.229440
5.444635,2.815386,4.251048
6.128399,2.623441,4.403070
5.358158,2.768885,4.153637
5.465611,2.792996,4.207065
5.487763,2.816305,4.196732
5.808860,2.178321,2.984665
5.646812,3.243411,4.679419
5.395847,2.722515,4.468862
5.438573,2.782189,4.176132
5.394570,2.429053,4.009955
5.424489,2.795058,4.169755
5.908792,2.473467,4.541356
5.188518,2.127705,4.828573
5.451312,3.095151,2.886883
5.466391,2.767130,4.235221
5.688075,4.326560,3.581321
5.469398,2.674095,3.724223
6.123666,2.794122,3.161802
5.445207,2.786870,4.184287
5.447579,2.775636,4.188059
5.478043,2.787686,4.170193
5.451136,2.829589,4.213705
5.022445,3.471612,5.119779
6.130690,2.020395,3.416566
5.412750,2.854848,4.192017
5.159567,3.044951,4.533456
5.732740,3.739141,3.122737
4.963976,2.747039,3.189135
5.040146,3.175362,3.070973
4.588536,3.335881,4.157223
4.594052,3.342495,4.168038
5.069528,2.640994,4.740092
5.442400,2.826253,4.242714
5.455486,2.872676,4.211870
5.318037,2.135891,4.084985
5.281174,3.527364,4.198364
5.507927,2.818116,4.186999
5.422514,2.853492,4.223302
5.449905,2.833354,4.184523
5.481911,2.816714,4.216108
6.053273,4.145563,5.027877
5.542516,2.771681,4.414706
5.467035,2.821835,4.187411
5.136230,2.652943,4.692421
5.497873,2.836403,4.184301
4.612638,3.668068,4.213794
5.433504,2.841819,4.206313
5.431457,2.852568,4.204577
5.439828,2.858524,4.175608
5.582471,3.086021,4.256005
5.948718,3.074017,3.513703
3.905026,2.902732,2.716146
4.905135,3.378746,3.682107
5.465091,2.877269,4.214171
5.830280,3.071261,2.838320
5.425423,2.809478,4.206919
5.483563,2.878360,4.201309
5.472051,2.873383,4.169227
5.445576,2.852751,4.191371
5.753435,2.068787,5.079325
4.335755,3.505716,3.983391
5.440341,2.801741,4.180742
4.937866,2.713527,3.938666
6.044589,2.832070,3.588994
5.605405,2.982996,4.141413
5.846857,2.355986,4.629779
5.456381,2.880708,4.204443
5.987340,1.966349,4.654448
5.430134,2.814615,4.225612
5.366631,3.063882,3.239582
4.641422,2.476705,4.937171
5.463202,2.848495,4.167571
4.311068,3.854569,3.588822
5.412253,2.824805,4.231194
5.447915,2.818356,4.160385
5.478879,2.868440,4.159257
4.745259,1.975133,3.399304
5.437396,2.871305,4.226272
5.897006,4.585903,3.921064
5.439436,2.848964,4.182750
5.508996,3.402945,4.568930
6.339954,3.446800,4.136781
5.494662,2.874454,4.202004
5.477057,2.886839,4.196528
5.413347,2.791862,4.184852
5.479045,2.827714,4.236542
5.472713,2.877849,4.203150
5.485656,1.617904,3.671573
5.324774,4.246343,4.498518
5.454156,2.851152,4.240787
5.452868,2.835605,4.174689
5.454613,2.862041,4.215293
5.476694,2.872935,4.179697
5.548938,2.879196,4.169596
5.450487,2.883073,4.181346
5.429150,2.855417,4.247852
5.464039,2.887991,4.202978
5.437015,2.830508,4.189347
6.071441,3.199429,5.101575
5.454921,2.852851,4.207684
5.496127,2.870395,4.241922
6.115260,3.034973,4.429592
5.456293,2.818425,4.169745
5.656543,2.866030,3.718409
5.484421,2.821325,4.155539
5.484252,2.815728,4.173856
5.049603,5.278706,4.122153
4.955849,3.513770,4.910331
5.422035,2.806072,4.228626
5.470580,2.842474,4.181477
5.446529,2.823086,4.184603
5.430674,2.845649,4.240295
5.468586,2.813448,4.229303
5.412038,2.859849,4.211683
5.498301,2.780189,4.231437
5.494393,2.838185,4.151866
5.468731,2.849202,4.234221
3.913079,3.524433,4.418127
5.145675,2.969857,3.273651
6.777672,2.857614,3.111692
5.479494,3.253767,2.902184
4.834462,3.508378,5.275843
5.483200,2.835445,4.204880
5.453891,2.825386,4.177574
4.711964,2.715470,5.124656
5.463784,2.827490,4.156831
5.484557,2.859721,4.197563
5.474319,2.819910,4.179636
5.453352,2.865799,4.175019
5.447676,2.806593,4.175173
5.438676,2.802007,4.241052
6.137608,3.034182,4.173108
5.142279,1.274774,3.766566
5.479394,2.836673,4.191989
5.451512,2.847082,4.197825
4.925742,3.568097,4.682322
5.428553,2.802734,4.198144
5.419894,2.831258,4.234673
2.814043,2.554666,5.954945
5.449766,2.883248,4.196109
5.602578,2.845594,4.195224
5.158276,3.322248,3.696898
5.461353,2.873771,4.166334
5.410691,2.824979,4.216439
5.162640,2.748623,4.117114
4.022091,2.453909,4.131419
4.676564,3.549611,4.080657
5.227661,3.189736,3.813811
5.635202,2.969132,4.074023
5.637414,2.901365,4.471376
5.513875,2.924899,3.619545
5.508548,3.079787,4.057125
5.501901,2.809057,4.220239
5.474374,2.870512,4.195334
5.489550,2.870373,4.192894
5.466078,2.878160,4.177688
5.414508,2.838681,4.228758
6.321426,3.770588,5.583855
4.156116,2.408086,3.533083
4.908591,3.386446,3.675432
4.086354,2.362798,3.491586
5.096168,2.741680,3.076403
5.474644,2.839877,4.201910
5.636067,2.654805,3.025104
4.834052,3.148310,4.138707
5.447853,2.837267,4.204968
4.978882,2.812634,4.186487
5.600251,3.247084,3.784475
5.797552,3.428989,4.271166
3.940588,2.651207,3.417438
5.420277,2.837174,4.188755
4.771687,1.980356,3.452044
5.436712,2.805663,4.223424
5.464168,2.842048,4.189790
5.488555,2.843069,4.186768
5.412479,2.793073,4.208856
5.430402,2.836435,4.248709
5.456768,2.872332,4.182308
5.071193,2.630780,4.737533
5.442905,2.821409,4.214917
5.464681,2.813252,4.197002
5.159599,3.282509,3.516921
5.437620,2.847091,4.218331
4.927527,2.948901,4.215541
4.252400,3.713163,4.801275
6.341283,2.763126,5.209302
5.248527,2.978688,3.450153
4.727314,2.923491,3.912689
4.597444,3.676983,4.214525
3.627538,2.062188,4.681005
4.153243,2.832497,3.953885
6.276767,3.075387,3.522697
5.473338,2.830110,4.175325
5.326837,1.113881,5.160837
5.449396,2.858771,4.183986
5.470434,2.856490,4.191035
5.452556,2.807985,4.197127
5.477370,2.859599,4.173184
5.436392,2.816659,4.160010
5.952096,2.542252,5.743584
5.164983,3.250323,4.336631
5.474224,2.827855,4.196253
5.488559,2.873504,4.181635
5.490573,2.846626,4.223469
5.500405,2.813568,4.200688
5.793818,1.893137,5.024789
5.428840,2.793232,4.159266
6.286269,3.341331,5.002095
5.553320,4.194337,3.362298
5.383004,3.470684,4.373590
4.679270,2.531083,4.386975
5.475824,2.838306,4.213019
5.459938,2.927912,4.171347
5.548257,2.825716,4.263183
5.470444,2.836722,4.154030
4.993167,4.499004,3.100357
5.395991,2.559319,3.067582
4.916023,3.377406,3.676364
5.443234,2.818484,4.174237
5.259192,2.977808,3.445259
5.444202,2.863635,4.255106
5.466367,2.838583,4.171517
5.421834,2.827717,4.223771
6.266527,3.337559,4.335132
5.471858,2.837008,4.253546
5.451596,2.743842,4.032440
5.473713,2.845680,4.191426
5.425625,2.819573,4.200613
5.468944,2.796341,4.243138
5.424863,2.794436,4.191350
4.463300,2.958963,3.497133
5.464489,2.876222,4.235143
4.795978,3.074785,4.581274
5.437879,2.828077,4.177083
5.428889,2.818426,4.252275
5.429992,2.846285,4.226797
4.933250,2.939058,4.219283
5.108669,3.774963,3.846598
5.494292,2.861731,4.234515
5.318451,1.666407,3.687776
5.439906,2.886532,4.204435
4.732100,3.016808,3.783314
5.481623,2.850283,4.167970
5.465737,2.859265,4.229976
3.972739,2.639820,3.138019
6.479286,2.834854,3.372710
5.318519,2.339987,4.004317
5.447592,2.850402,4.173859
5.287077,3.045443,4.414847
4.846284,3.107935,6.977814
5.436648,2.861870,4.208875
5.506335,2.860953,4.214924
5.495428,2.826104,4.156473
5.488812,2.787103,4.193051
5.447423,2.797020,4.263224
5.311165,3.782550,4.492142
5.433567,2.856377,4.194086
5.079958,3.103064,4.148151
5.444978,2.868621,4.179331
5.451739,2.809183,4.212882
5.448301,2.849502,4.253361
4.418748,2.829816,3.166119
5.448525,2.828127,4.195341
5.411564,2.858400,4.235912
5.838922,3.077042,2.831764
5.424305,2.853445,4.233218
5.466881,2.762394,4.225229
6.621141,2.629465,5.057054
5.504238,2.838457,4.208333
5.417424,2.844805,4.196844
5.445164,2.857754,4.214688
5.479607,2.799923,4.201434
5.456022,2.798921,4.193403
4.790729,2.526467,4.906330
5.455848,2.814972,4.189366
5.435296,2.824343,4.208729
5.459458,2.820212,4.149203
5.501826,4.040684,4.101380
4.932782,2.726329,4.676610
5.457250,2.872156,4.198232
4.795972,2.526479,4.916081
4.228121,2.730500,3.939602
5.472153,2.882800,4.187531
5.475635,2.848527,4.211971
5.445025,2.837152,4.271277
5.441781,2.789348,4.231777
7.432990,2.462986,6.555970
4.685494,2.854597,3.342745
5.499318,2.857051,4.208570
5.423014,2.810628,4.195253
5.465384,2.846020,4.253107
4.953168,2.708061,4.655598
5.472559,2.858581,4.216952
5.484864,2.798928,4.185050
5.479096,2.839454,4.176956
5.446722,2.840131,4.218255
5.426055,2.856185,4.213126
5.714906,3.386002,3.638418
5.219493,4.118526,3.516711
5.449033,2.869744,4.231075
5.436395,2.824352,4.197870
5.509180,2.830945,4.232254
5.419018,2.826798,4.204785
5.456452,2.854573,4.177048
5.506697,2.852489,4.178720
6.233499,3.728451,3.486298
4.951506,2.963429,4.264469
5.302730,2.346437,4.150310
5.420899,2.835630,4.244019
5.457491,2.861755,4.236326
6.130421,4.890552,4.869180
5.429791,2.815481,4.169198
5.470654,2.832771,4.163705
5.423596,2.852289,4.195419
5.476859,2.858369,4.247993
5.430213,2.866485,4.189393
5.529234,2.803962,4.146303
5.005968,3.155843,5.044718
6.516877,3.515808,5.063178
5.283982,2.443621,4.897602
5.465518,2.841993,4.227910
5.517790,2.149798,2.498480
5.169848,2.131243,4.833458
5.462296,2.833121,4.148113
5.265473,3.152612,3.797670
5.431897,2.809572,4.179035
4.117631,3.115190,4.916493
5.464690,3.989432,4.424503
5.380601,3.022148,4.698174
5.721444,2.533827,3.875182
5.450999,2.864798,4.194603
5.414121,2.816208,4.248038
5.470777,2.862504,4.181213
5.161414,3.302320,2.285927
5.907921,3.787712,4.428147
3.485589,2.922226,4.826831
6.462664,3.154851,3.555349
5.498262,2.850897,4.231037
4.946294,3.513828,3.383060
4.880343,2.655751,4.369704
5.458191,2.856476,4.197337
5.719842,4.025325,6.172007
5.485078,2.874568,4.242232
5.717814,4.370294,5.552565
5.476772,2.804697,4.211465
5.486647,2.867614,4.205340
5.486182,2.861238,4.177172
3.738997,3.475397,3.182487
5.687421,4.162456,4.534561
5.013547,3.932681,4.078263
5.457153,2.841903,4.208063
5.493676,2.825306,4.194560
4.567245,3.459011,4.707612
5.419656,2.866913,4.211042
5.301076,4.196949,4.456991
5.166729,2.854536,4.881507
5.442620,2.848806,4.245458
5.869599,2.968306,4.529594
5.580951,3.673578,5.613722
3.225816,2.375808,5.909242
5.454820,2.860390,4.225965
5.481740,2.878596,4.190184
6.236980,2.885979,4.667459
5.481402,2.774287,4.182986
5.433544,2.783061,4.235615
5.491858,2.874662,4.213052
5.293616,1.583869,4.876020
5.421837,2.820116,4.241907
5.567068,2.925111,4.405129
4.742500,3.585804,4.272189
5.442515,2.794954,4.155718
5.526203,3.190197,3.927952
5.422228,4.313213,4.402661
5.436781,2.811077,4.203670
6.128444,2.893064,3.574554
5.460474,2.861318,4.185627
4.940455,2.391192,4.840060
5.463977,2.787765,4.157049
4.265428,3.050713,2.797069
5.594881,4.120079,4.997751
5.475845,2.848061,4.156583
5.509636,2.842673,4.199091
5.000010,4.522430,3.731881
4.941202,3.526118,3.376803
5.438211,2.835628,4.198416
5.442379,2.860496,4.224835
4.470115,3.645188,2.663390
5.439251,2.835406,4.168639
5.089637,3.551888,4.116042
5.316962,2.896257,4.115104
5.495588,2.815447,4.176923
6.431183,2.604282,3.843389
5.450163,2.709998,4.014628
5.443634,2.772347,4.203877
5.411218,2.845147,4.208149
5.417744,3.680540,3.930996
5.434132,2.717625,4.447219
5.465828,2.823190,4.226081
5.913876,3.598818,4.988636
4.105975,3.259848,4.385286
5.476497,2.792439,4.209641
5.515089,2.812607,4.192274
5.481578,2.882112,3.137989
5.675047,4.512501,3.552001
5.483464,2.883093,4.181239
5.476636,2.814177,4.237046
5.484476,2.785935,4.180676
4.905850,3.071567,5.531562
5.462704,2.804432,4.187206
5.470370,2.880406,4.224537
5.468591,2.870967,4.187541
4.992427,2.858527,5.322076
6.242467,2.848270,3.951865
5.086306,3.152993,3.658392
5.491688,2.829694,4.248325
5.510425,2.791177,4.219661
5.490456,2.854802,4.204247
5.433294,2.807106,4.232416
5.490919,2.825349,4.205441
4.366134,2.268480,3.366246
5.492678,2.858457,4.224247
7.674610,2.220498,3.934211
5.466531,2.814310,4.175411
5.494328,2.851741,4.194753
5.496416,4.066257,3.390618
5.490775,2.860281,4.189390
5.490181,3.461142,4.417246
5.436911,2.357626,3.470963
5.498704,2.815577,4.190681
5.622504,2.687654,2.956105
5.955696,3.998722,3.999209
5.450270,2.819388,4.242211
5.520316,2.848360,4.207675
5.449314,2.786278,4.172551
5.890574,2.535375,5.678729
5.485303,2.858895,4.239052
5.487025,2.838399,4.215038
6.952165,3.086628,3.017505
5.472807,2.797752,4.168278
5.440325,3.221859,4.443891
5.513086,2.828962,4.182672
5.491194,2.806815,4.180581
5.469134,2.843469,4.243576
5.417931,2.847387,4.242573
5.405168,2.883047,4.305118
5.857491,1.055347,3.981791
5.439514,2.865094,4.197332
5.436093,2.879506,4.197004
5.396519,2.882186,4.298192
5.484002,2.829473,4.148115
5.437080,2.786648,4.212761
5.421569,2.811318,4.218031
6.632833,2.563401,4.731550
5.481544,2.865590,4.185889
5.435562,2.818959,4.182353
5.769871,3.232362,3.799722
4.125905,3.025101,5.454356
4.090974,3.414482,4.903552
5.459810,2.828676,4.219049
5.609990,2.660285,4.641532
4.589453,3.427831,4.626622
5.477758,2.850397,4.200978
5.502929,2.858503,4.186045
5.468898,2.792389,4.231470
5.500253,2.870058,4.229100
5.502388,2.859726,4.226796
5.486358,2.771966,4.214285
6.120686,2.891385,3.583136
6.739939,1.262498,4.057124
5.420009,2.814588,4.176084
5.152368,3.115880,5.075876
5.466536,2.788489,4.169444
5.227252,2.545754,4.354901
5.480303,2.795811,4.241699
5.478927,2.849475,4.240172
6.093525,1.674838,4.382416
5.418376,2.785462,4.200627
5.396013,2.985765,5.164120
5.007947,4.324343,2.516396
5.482211,2.804127,4.163204
5.461216,2.796982,4.177329
5.456096,2.789067,4.165053
5.509311,2.847482,4.225260
6.562245,2.887572,4.061558
5.577180,3.635046,4.655812
5.464067,2.824175,4.176657
5.463887,2.866318,4.219923
6.490809,3.121077,5.313920
5.487011,2.562981,4.593172
5.254989,3.169016,5.459604
5.490804,2.863608,4.247253
5.466388,2.780069,4.223191
5.867294,3.204813,4.212243
6.184541,3.015073,3.858239
5.459406,2.844816,4.178199
5.480061,2.771111,4.202761
5.538728,3.054671,4.097699
5.809456,2.726983,4.457073
5.846355,2.497531,3.061080
6.370924,2.630969,4.398602
5.446217,2.768001,4.225435
5.459492,2.786367,4.228810
5.304929,2.825681,4.498001
5.471433,2.824579,4.147775
5.424814,2.806612,4.171197
5.531663,2.564079,4.444224
5.474561,2.867872,4.221749
5.432231,2.837504,4.175883
5.426752,2.824020,4.232162
5.414894,2.860932,4.226689
5.230677,2.095165,3.739982
5.479874,2.807737,4.254220
6.304336,3.573325,4.747262
6.289359,2.366765,4.841780
5.455313,2.752593,4.208098
5.429339,2.829768,4.240139
4.643257,4.993659,4.409071
5.197406,2.897409,4.514350
5.815658,2.825930,5.307420
5.521055,2.801499,4.201977
4.508399,1.872394,4.353214
5.461356,2.821389,4.246462
5.547967,2.723604,4.233768
5.113201,3.688070,3.241514
5.470713,2.708052,4.441631
6.880445,2.729529,3.100519
4.805654,2.254571,3.527975
7.882583,2.355489,5.129888
5.843974,3.305611,4.488547
5.481108,2.809985,4.224797
5.437475,2.804535,4.264454
5.485937,2.843781,4.197338
5.463854,2.840255,4.161277
5.452100,2.834255,4.262374
5.193481,2.674386,5.524054
5.507797,2.787580,4.207546
5.499577,2.799167,4.199553
5.507134,2.849986,4.208638
5.410555,2.800789,4.215029
5.116228,3.693226,3.231203
5.426561,2.803516,4.253700
5.091358,3.449509,4.443637
6.715932,2.348562,4.365148
5.451161,2.762736,4.203040
6.005412,2.770013,3.443535
5.464749,2.813034,4.240739
5.460215,2.792186,4.238015
5.490424,2.811519,4.167479
7.219714,1.636618,4.644105
5.463331,2.834906,4.243708
5.440192,2.837860,4.243925
5.459881,2.827380,4.256305
5.446923,2.801309,4.222791
5.451506,2.833554,4.225139
5.950333,2.776075,3.697293
5.466885,2.822707,4.201556
6.296825,3.564652,4.739644
5.463788,2.848700,4.200414
5.489464,2.843684,4.237935
5.476920,2.821294,4.227981
5.470943,2.767834,4.174758
5.293600,2.850085,4.110262
6.005661,4.968619,3.677126
5.495785,2.864335,4.216459
5.441805,2.832291,4.212978
5.519905,2.899664,4.589052
5.441919,2.838513,4.179123
5.543368,3.405403,4.564487
6.225864,3.578868,4.338710
5.759028,4.001075,3.961791
5.282382,1.819086,5.302832
5.477135,2.827540,4.186164
5.666355,3.163996,5.005920
4.916733,3.053890,4.125466
5.451600,2.791580,4.223604
5.473270,2.868703,4.210871
6.310587,2.379002,4.392148
3.969829,2.015617,3.777419
6.149178,3.833178,6.123951
5.449553,2.760076,4.245604
6.015999,3.303988,3.493104
5.901218,2.163742,3.955374
7.548728,2.300494,5.279547
5.750638,3.083892,4.673906
5.430537,2.805815,4.214929
5.766070,3.147138,4.207287
5.700229,3.057975,3.727612
5.831029,3.312316,4.483504
5.900697,2.658348,4.628214
4.359755,2.946445,6.083017
7.274725,3.615352,3.705485
5.421272,2.839151,4.220523
6.072343,2.288104,4.439797
5.464653,2.865091,4.194871
5.489657,2.822171,4.165243
5.458619,2.851956,4.231320
4.742321,3.507647,4.072859
5.965977,2.450792,4.495122
5.477214,2.828517,4.156253
5.495995,2.796575,4.208815
5.518829,2.791087,4.211940
5.224136,3.292536,3.776127
6.873434,1.782884,6.086204
5.507966,2.806352,4.200948
6.119135,2.999371,3.892065
5.495169,2.845142,4.211997
5.455051,2.846395,4.261869
5.506749,2.844938,4.245011
6.346308,2.531440,4.040374
5.422971,2.928071,4.932844
6.183956,3.822364,4.241208
5.022338,1.659865,3.123463
5.455084,2.837728,4.191933
5.424630,2.821047,4.211517
5.506464,2.819503,4.176597
5.420212,2.816849,4.227999
5.282001,3.496936,4.400269
5.496559,2.834983,4.217681
5.771059,3.243900,4.985041
5.748063,2.853550,3.599211
5.462664,2.878123,4.191316
5.804372,4.333748,4.994525
5.492346,2.804317,4.229071
5.924420,2.531016,4.509173
5.444327,2.403927,4.203153
5.474613,2.802683,4.190137
5.446334,2.867342,4.208257
5.466847,2.855023,4.245060
4.610512,3.091848,2.813318
5.455131,2.825227,4.267906
5.460945,2.792805,4.262894
5.486321,2.821059,4.245402
5.446947,3.087756,2.879598
5.908147,3.387670,4.816884
5.485657,2.798503,4.209387
5.504554,2.841015,4.220165
5.454106,2.806874,4.164742
6.360044,1.187152,5.139104
5.457334,2.820539,4.233816
5.500229,2.828385,4.208317
7.355392,2.415985,3.157992
5.478368,2.841501,4.232377
5.448752,2.795861,4.238488
5.454385,2.741523,4.209742
5.475301,2.873085,4.234019
5.457177,2.802080,4.257208
5.512078,2.842461,4.234883
5.495267,2.853752,4.171874
5.473641,3.950947,2.480822
5.839299,3.073038,3.670436
5.415372,2.854584,4.180424
6.158576,3.537133,4.874064
5.411976,2.816208,4.183945
5.980275,3.835025,4.647312
4.949391,3.724562,4.185172
6.146796,3.033941,4.179652
5.415937,2.847912,4.217923
5.843348,3.508172,3.803094
5.399304,3.365485,3.889064
5.490325,2.798988,4.239353
5.801532,3.225851,3.848265
5.489736,2.833341,4.237005
6.374685,2.680253,4.555231
5.490172,2.814164,4.222824
5.469962,2.811646,4.187132
5.473693,2.861462,4.202592
4.948589,4.248508,4.728715
5.422516,2.840768,4.207452
5.441329,2.300614,3.766237
5.464894,2.802863,4.233865
5.477692,2.771901,4.193303
4.803166,3.468604,4.504467
5.444353,2.813253,4.220794
5.479913,2.772592,4.162204
5.311868,3.447150,3.626715
5.465868,2.851866,4.183709
5.493333,2.883961,4.190143
5.481141,3.243789,5.110293
5.440985,2.885818,4.187875
5.464411,2.860466,4.210215
4.502409,3.256134,3.495357
5.355916,3.016547,4.972366
5.457548,2.826975,4.188145
5.489780,2.853566,4.214222
5.013316,2.161681,4.247350
5.503655,2.828850,4.187792
5.878316,3.634379,3.773409
5.477293,2.840955,4.165161
5.440938,2.844332,4.235601
5.435647,2.772505,4.236420
5.468481,2.797661,4.157913
6.720504,2.918766,4.328414
6.299535,3.808266,3.932380
6.362261,3.240750,3.437008
5.428207,2.842998,4.196887
4.718244,1.963586,4.462639
5.096145,2.919070,3.978834
5.470540,2.779901,4.174393
5.476225,2.784204,4.188476
5.483281,2.801999,4.173297
5.901177,2.466569,4.539333
5.477494,2.804195,4.235341
5.476949,2.817906,4.248940
5.445162,2.823467,4.204619
5.331418,4.829046,2.360244
5.443188,2.850433,4.226142
4.682296,2.687554,4.297249
5.457542,2.852484,4.251622
5.488245,2.831570,4.187259
5.524092,2.825911,4.200897
5.570823,2.931657,4.122748
4.994783,3.339210,4.419424
5.427949,2.771911,4.205731
5.490720,2.788631,4.232743
5.449465,2.793598,4.250582
5.461013,2.806126,4.156174
5.499577,2.851031,4.219653
5.519042,2.838035,4.202566
5.492949,2.806704,4.202555
6.163134,3.462390,4.143985
4.146880,3.980440,4.509424
5.809177,2.864298,4.586434
5.964237,3.027277,4.223567
5.462370,2.789680,4.218515
8.288644,4.766424,4.539913
5.435973,2.853444,4.233623
6.376167,5.318357,4.287616
4.666032,2.538001,4.385139
5.448223,2.872825,4.219550
5.489860,2.797769,4.196780
5.446576,2.872484,4.189018
6.009320,3.489400,3.865585
6.030997,3.160483,4.293547
4.534722,2.931941,2.406960
5.833368,3.299914,4.485942
5.024751,1.662751,3.113607
5.606168,2.980706,4.130320
5.073665,3.305211,3.724294
5.460593,2.832153,4.232037
5.499610,2.844529,4.201453
5.416066,2.783073,4.226662
5.214167,2.897083,6.224342
5.474171,2.814464,4.260871
5.494693,2.863810,4.199771
5.463936,2.781444,4.210950
4.665404,3.230001,5.159414
5.311444,3.472814,4.354781
5.493655,2.837081,4.205842
6.188972,3.227099,3.603802
5.462002,2.835039,4.181589
5.434771,2.863269,4.233165
6.581599,3.258507,5.750586
5.410466,2.802422,4.238996
5.404941,2.896778,4.571176
5.452248,2.849648,4.218043
5.161171,2.878268,4.141874
5.405892,2.856503,4.183875
5.458030,2.874680,4.225470
5.437382,2.845645,4.171369
4.612811,3.315144,3.700900
5.439558,2.862050,4.187622
5.661712,2.375811,2.919049
5.802825,4.263528,4.348832
6.211161,4.574841,2.982037
6.518477,2.236651,3.898946
5.476519,2.888925,4.207181
5.102770,2.305788,4.492294
5.497218,2.839457,4.244554
5.458999,2.842453,4.235630
6.955351,4.136098,3.321312
6.252423,2.842550,3.952446
5.455652,2.765155,4.227675
5.434454,2.559239,4.474841
5.455281,2.761912,4.216926
5.903385,3.680189,3.535544
5.480141,2.793235,4.231445
5.464805,2.834816,4.210540
