x coord,y coord,z coord
5.187092,3.167786,0.326647
5.307721,3.766859,0.837609
5.296919,3.563255,0.456893
5.305863,3.788406,0.826204
5.313880,3.746141,0.835855
4.934908,5.078638,0.079718
4.945043,2.984041,0.610127
5.736660,5.136187,0.546693
5.773439,3.738257,1.399617
4.597543,3.675179,1.357859
5.599431,4.819867,0.169800
4.481738,2.912827,1.785223
5.292871,3.770020,0.861687
5.309963,3.745358,0.857332
4.298049,2.930440,0.642415
6.564347,4.511733,1.281916
5.202404,4.143264,0.124395
5.273477,3.778808,0.858697
5.318553,3.768087,0.844186
5.309691,3.786278,0.836629
5.810152,3.440350,1.596075
5.301596,3.764424,0.828888
5.316446,3.784944,0.857538
5.603631,4.825575,0.159718
5.324257,3.758784,0.836146
5.306665,3.733912,0.857145
5.298502,3.788071,0.836123
5.461129,4.521753,0.704855
4.356979,3.015321,0.452550
5.367690,2.709204,0.729845
4.592377,3.884808,0.086602
5.260130,3.468860,1.898264
5.291620,3.743062,0.855635
5.297862,3.767260,0.842468
5.303338,3.776953,0.835381
5.451616,4.136412,0.701832
5.306313,3.780614,0.855213
5.291896,3.740333,0.832204
4.169664,5.265804,0.923332
5.282038,3.771026,0.858513
5.119697,2.817182,0.460759
5.302289,3.741225,0.850795
5.191575,4.157133,0.126252
5.321731,3.777967,0.845659
5.312169,3.779917,0.827127
4.904071,4.182502,0.561027
5.302364,3.784837,0.846119
6.042407,3.079966,0.843873
5.312506,4.657210,0.947171
3.611129,3.326735,0.440019
5.001071,2.899410,1.846364
5.989737,3.148465,0.788861
5.293246,3.750309,0.835406
5.734209,4.301947,0.192087
5.167024,3.809508,0.854067
5.302660,3.773865,0.824001
5.932843,4.494103,1.788420
4.781172,3.436559,1.184997
5.567926,4.502909,0.249952
5.294740,3.771661,0.830940
5.291343,3.784416,0.850165
5.282299,3.766065,0.832911
5.724209,4.061310,1.415621
5.270239,3.649564,0.739459
4.623420,3.892656,0.671965
4.597681,3.462795,0.575751
5.562271,4.453727,1.526267
5.305617,3.797706,0.831856
5.314134,3.774110,0.852229
5.320528,3.787955,0.832549
5.270986,3.747593,0.846735
5.292494,3.740371,0.844212
5.327514,3.713024,1.847187
5.284284,3.748595,0.863273
5.283737,3.781020,0.858603
5.285741,3.785639,0.827377
5.057327,4.366785,1.409989
5.289746,3.764153,0.853665
4.543148,4.377143,0.999175
5.277051,3.757828,0.837544
5.305554,3.774282,0.845628
5.275019,3.768967,0.840016
5.284024,3.747115,0.846981
5.314553,3.786056,0.845859
5.301174,3.744570,0.840239
4.873130,3.741245,1.770880
5.274741,3.755570,0.824559
5.827546,4.485652,1.057775
5.302619,3.773989,0.865127
5.317248,3.749855,0.850051
5.279545,3.760249,0.861928
5.297509,3.781279,0.828863
5.556111,4.500674,0.248487
5.294355,3.772676,0.817432
4.670463,3.591948,0.293056
5.557362,3.669434,0.853616
5.277160,3.752135,0.854858
5.426785,3.706370,0.318363
6.766538,2.976133,1.067034
5.309337,3.764759,0.848634
5.478492,3.668665,0.880460
5.162740,5.053558,1.367878
5.051371,3.618504,1.056894
5.086169,4.183212,0.609667
5.295772,3.756676,0.822955
5.266143,3.759344,0.817556
5.297583,3.760560,0.861301
5.296710,3.793337,0.827585
5.285837,3.757190,0.843049
5.287021,3.768481,0.843154
5.279666,3.764111,0.849338
5.934583,1.918784,0.826251
5.795343,4.889448,0.714778
4.936173,2.985751,0.603875
5.299551,3.740945,0.862012
4.912781,4.987413,1.549745
5.162542,3.794277,0.814551
4.071669,3.758084,0.115076
5.275138,3.767859,0.823854
5.315156,3.749830,0.873356
4.911899,4.142870,1.382821
5.268716,3.770305,0.850475
5.285735,3.777222,0.869223
5.307058,3.749282,0.846974
5.317904,3.760604,0.853638
7.275969,5.335277,1.525432
6.275726,2.987144,0.067276
5.314077,3.756062,0.841540
4.620390,2.838611,0.931229
5.302429,3.754164,0.831064
5.371823,3.728375,2.042767
5.011624,4.309411,1.098612
5.294073,3.767875,0.872440
4.937996,2.975819,0.611542
4.921317,4.993190,1.548531
5.471072,3.963437,0.868606
5.021554,4.308263,1.089962
4.732335,5.627402,1.500324
5.294718,3.751084,0.846227
5.314145,3.776459,0.838731
5.455504,4.191178,2.548829
5.152482,4.775604,0.737222
5.290826,3.788111,0.870056
4.458063,4.895594,0.855432
5.293612,3.774221,0.850937
5.313414,3.758916,0.831272
4.602118,3.879605,0.092025
5.294501,3.750514,0.865764
5.305616,3.761676,0.868676
5.307193,3.789476,0.866848
4.743337,3.020816,1.537299
5.274893,3.779754,0.828371
5.949891,3.782536,3.330695
5.286733,3.760027,0.868946
5.315248,3.755835,0.863806
6.486443,4.432371,0.935710
5.307413,3.758553,0.857985
5.311972,3.768894,0.827995
4.621316,3.290847,0.545249
4.774562,4.739786,0.306758
5.292296,3.760889,0.835749
5.173018,3.815775,0.842420
5.300099,3.749690,0.856734
5.294488,3.780783,0.860004
5.471377,3.406028,0.569570
5.281998,3.776623,0.835607
5.281111,3.748163,0.835905
6.067457,4.237237,1.636568
5.820818,4.215908,0.394757
5.315990,3.796540,0.841196
6.093687,5.413556,0.173774
5.879528,4.367983,0.283078
5.302924,3.769426,0.855129
5.657303,2.904360,0.833955
5.297294,3.792319,0.860942
5.314463,3.766408,0.863232
5.112937,4.240687,0.471082
5.306708,3.792029,0.851566
5.306539,3.765651,0.816806
5.308419,3.753520,0.822382
5.288807,3.764940,0.824467
5.322034,3.770251,0.832229
3.947595,4.257797,2.177971
4.775343,4.291889,0.281541
5.302770,3.757929,0.841100
5.293978,3.779424,0.841186
5.321404,3.932957,1.713599
5.263372,3.804186,0.861400
5.508345,4.192524,0.187837
6.278595,4.599070,1.437796
5.289245,3.753597,0.855375
5.293548,3.222513,0.972665
5.420989,3.167165,1.539833
5.285381,3.756072,0.829712
5.285607,3.774196,0.824883
5.304765,3.749142,0.866651
5.774690,3.446361,0.355324
5.571497,3.717301,1.193888
5.299589,3.759181,0.850693
5.280733,3.775391,0.848907
