x coord,y coord,z coord
0.239407,0.248437,0.154493
0.205993,0.251004,0.132735
0.244428,0.217098,0.142507
0.216034,0.178281,0.122619
0.239848,0.200369,0.139731
0.206534,0.205811,0.128692
0.266899,0.194149,0.122298
0.248476,0.225582,0.149982
0.260874,0.204520,0.168334
0.250514,0.227049,0.178842
0.217923,0.234785,0.107536
0.224044,0.211325,0.094870
0.242561,0.205904,0.121142
0.201151,0.206476,0.148074
0.256583,0.183516,0.141943
0.263401,0.211703,0.131105
0.247856,0.218278,0.113050
0.234318,0.202088,0.125381
0.255885,0.197690,0.129790
0.217037,0.200803,0.134976
0.206575,0.221822,0.115950
0.254679,0.243516,0.144503
0.235320,0.202806,0.160972
0.230034,0.186911,0.164849
0.260917,0.232364,0.149108
0.235448,0.195518,0.100726
0.231108,0.221371,0.157857
0.231372,0.186604,0.105285
0.262709,0.199187,0.152067
0.233849,0.249153,0.127897
0.247165,0.244242,0.113937
0.263617,0.221687,0.145707
0.227739,0.209225,0.168543
0.190824,0.198683,0.139599
0.195317,0.199452,0.117139
0.270544,0.235997,0.131467
0.208659,0.232659,0.127256
0.268828,0.207179,0.117053
0.203623,0.215383,0.129773
0.245449,0.239392,0.147083
0.199851,0.197179,0.133830
0.218425,0.243157,0.161748
0.224150,0.235411,0.149648
0.220741,0.247180,0.117608
0.190218,0.216270,0.146793
0.219728,0.179840,0.147692
0.254929,0.244684,0.121340
0.217418,0.231526,0.156480
0.191667,0.224790,0.134489
0.222778,0.195637,0.127995
0.249549,0.201633,0.109617
0.215565,0.243217,0.134441
0.206346,0.227230,0.169196
0.229598,0.207869,0.152156
0.255060,0.240024,0.164972
0.207595,0.215789,0.144746
0.266611,0.226245,0.126225
0.233838,0.247857,0.117708
0.241050,0.230375,0.116357
0.206803,0.202407,0.118611
0.211326,0.222699,0.155845
0.221385,0.218603,0.146572
0.217434,0.188296,0.118723
0.220221,0.198384,0.177517
0.255860,0.187696,0.154144
0.223200,0.240310,0.171519
0.236219,0.178923,0.128895
0.191811,0.240908,0.144067
0.228444,0.200961,0.109542
0.258596,0.199263,0.114401
0.268670,0.195355,0.137183
0.248790,0.208942,0.179309
0.197940,0.194279,0.145915
0.230549,0.259156,0.136700
0.237430,0.208203,0.170846
0.219726,0.257621,0.115518
0.208084,0.216597,0.105253
0.209262,0.236849,0.169506
0.211635,0.189953,0.161753
0.236242,0.179191,0.117414
0.254782,0.211118,0.144572
0.209214,0.184244,0.147847
0.227081,0.214739,0.115334
0.275621,0.223793,0.136312
0.265005,0.216567,0.120231
0.188823,0.229727,0.151321
0.213379,0.210879,0.153641
0.247773,0.194560,0.162266
0.230709,0.230847,0.164514
0.239778,0.236468,0.157872
0.230193,0.220472,0.135471
0.225633,0.202560,0.140078
0.202062,0.251545,0.144109
0.248254,0.227610,0.133768
0.220658,0.184192,0.131730
0.220255,0.246837,0.146861
0.241020,0.233259,0.168341
0.216392,0.193772,0.109384
0.243119,0.255452,0.140992
0.268766,0.221566,0.159096
0.651400,0.441245,0.618998
0.624228,0.390367,0.571282
0.622120,0.400354,0.565364
0.629987,0.416409,0.623695
0.646583,0.377029,0.629969
0.652310,0.377977,0.562984
0.648794,0.427029,0.609588
0.624916,0.420123,0.607612
0.622732,0.418735,0.567361
0.636297,0.389353,0.627256
0.637015,0.399771,0.629937
0.617401,0.408346,0.598969
0.614567,0.419162,0.584763
0.644019,0.408284,0.633543
0.641450,0.387798,0.579044
0.628316,0.372173,0.588088
0.637990,0.388808,0.568046
0.647249,0.388317,0.625978
0.652330,0.415780,0.587918
0.637243,0.400451,0.618986
0.638816,0.362588,0.592116
0.616805,0.427823,0.596262
0.648025,0.388542,0.568832
0.623501,0.407140,0.578773
0.638533,0.412871,0.598548
0.644063,0.403570,0.572783
0.622852,0.388172,0.607589
0.621193,0.379115,0.603478
0.651009,0.363015,0.609699
0.637882,0.440531,0.584861
0.634096,0.395160,0.587507
0.649828,0.386674,0.612161
0.613737,0.402889,0.607878
0.647538,0.378988,0.600844
0.611518,0.393016,0.588361
0.629916,0.398932,0.604934
0.639957,0.392833,0.610963
0.637572,0.393069,0.596815
0.645310,0.443291,0.601978
0.646358,0.413234,0.578166
0.632355,0.385913,0.602989
0.637047,0.432316,0.574694
0.651154,0.439012,0.586507
0.642603,0.401955,0.557542
0.651903,0.375632,0.616218
0.632465,0.374925,0.604970
0.627455,0.440102,0.582797
0.619881,0.431677,0.608505
0.607965,0.412099,0.610339
0.627303,0.401441,0.592944
0.865196,0.299637,0.451456
0.884798,0.283751,0.491817
0.865508,0.290643,0.502703
0.886685,0.266386,0.454930
0.834965,0.249164,0.456592
0.869512,0.224253,0.472298
0.899381,0.269518,0.456970
0.858502,0.251331,0.514625
0.865306,0.249035,0.436622
0.890579,0.275576,0.440542
0.862112,0.243596,0.460904
0.879983,0.237655,0.509171
0.856690,0.249663,0.496624
0.904242,0.241575,0.497190
0.841497,0.275230,0.464003
0.875401,0.282977,0.480130
0.890561,0.269639,0.495293
0.859180,0.236411,0.480933
0.859348,0.227812,0.488371
0.832836,0.272618,0.494041
0.876171,0.236191,0.495762
0.857142,0.265983,0.493395
0.868905,0.290533,0.443447
0.844438,0.284465,0.498529
0.875400,0.265877,0.521322
0.855022,0.271673,0.474694
0.855694,0.287466,0.501658
0.894911,0.285072,0.492071
0.843069,0.273257,0.476100
0.851872,0.266549,0.453923
0.861070,0.232072,0.446375
0.880418,0.235130,0.463893
0.866923,0.253429,0.493323
0.895050,0.244983,0.442032
0.893900,0.300385,0.496676
0.905192,0.278973,0.500037
0.854446,0.292172,0.446971
0.878123,0.276482,0.459430
0.857286,0.261934,0.446075
0.874457,0.274266,0.495553
0.857320,0.288177,0.462105
0.850712,0.233014,0.485285
0.853544,0.247510,0.474751
0.875180,0.255018,0.481875
0.874671,0.285626,0.501393
0.867670,0.289543,0.489340
0.848407,0.263553,0.480508
0.874849,0.231179,0.448156
0.842983,0.278518,0.489905
0.915090,0.251844,0.487205
0.891864,0.239199,0.450612
0.849203,0.249591,0.485548
0.880468,0.239000,0.451288
0.881640,0.293737,0.465022
0.868757,0.266719,0.478459
0.844126,0.291986,0.470187
0.887857,0.234928,0.476155
0.910364,0.272645,0.452406
0.880745,0.298432,0.451411
0.881236,0.272289,0.438423
0.874810,0.309903,0.475242
0.903551,0.248714,0.489322
0.882371,0.281026,0.445643
0.912935,0.266894,0.477912
0.894197,0.251712,0.469421
0.857580,0.278849,0.492171
0.899692,0.274172,0.473807
0.845865,0.256113,0.495903
0.852426,0.271211,0.507608
0.907868,0.250958,0.462113
0.879390,0.261851,0.499944
0.899518,0.260881,0.450267
0.877575,0.232705,0.485729
0.831136,0.278014,0.484491
0.898302,0.272252,0.512634
0.902753,0.296574,0.474079
0.854334,0.289962,0.489945
0.862465,0.301884,0.492163
0.862779,0.259929,0.486308
0.893011,0.280952,0.457347
0.857395,0.250371,0.443456
0.907311,0.278497,0.459991
0.877652,0.274575,0.473693
0.827473,0.262044,0.472503
0.897302,0.243640,0.510720
0.880921,0.252951,0.453599
0.872408,0.245784,0.501408
0.848372,0.291702,0.455964
0.868875,0.286411,0.472222
0.890396,0.250227,0.485363
0.854443,0.227034,0.472898
0.847164,0.277036,0.450582
0.880094,0.302132,0.489348
0.837528,0.261447,0.454049
0.905859,0.241245,0.467014
0.859468,0.278607,0.510890
0.898862,0.262037,0.478964
0.874646,0.241569,0.478119
0.885877,0.277307,0.510196
0.877593,0.255861,0.517103
0.687820,0.403017,0.610395
0.679081,0.408143,0.604444
0.685043,0.400936,0.575243
0.684545,0.390376,0.594069
0.680367,0.404626,0.622394
0.674815,0.399761,0.598474
0.672619,0.413343,0.587850
0.677079,0.433005,0.620761
0.660415,0.419815,0.580940
0.679962,0.407700,0.592497
0.675587,0.395587,0.567456
0.673405,0.378695,0.569599
0.679824,0.434422,0.601206
0.659130,0.370204,0.582613
0.656575,0.426333,0.622331
0.666852,0.375569,0.597207
0.653367,0.404358,0.556707
0.659440,0.361237,0.592171
0.659255,0.399255,0.612106
0.676201,0.369739,0.598913
0.673901,0.393938,0.614220
0.664040,0.385031,0.624963
0.667197,0.407424,0.594357
0.684092,0.377035,0.598259
0.664859,0.382875,0.585728
0.687000,0.392414,0.625553
0.668585,0.413161,0.570731
0.659233,0.432008,0.631262
0.686395,0.413725,0.619914
0.657611,0.418036,0.563384
0.653357,0.378885,0.576846
0.656164,0.428347,0.570273
0.680431,0.439505,0.591034
0.656050,0.420330,0.631761
0.671003,0.433715,0.594519
0.659257,0.401454,0.574449
0.689229,0.414117,0.592524
0.659397,0.427809,0.603436
0.670887,0.441863,0.619812
0.666740,0.404308,0.562460
0.658588,0.384660,0.601545
0.666755,0.393611,0.605047
0.674543,0.417273,0.603078
0.687964,0.417229,0.574185
0.658529,0.382263,0.637056
0.670220,0.370281,0.608728
0.667828,0.404400,0.613240
0.672267,0.377909,0.620545
0.669717,0.404288,0.634503
0.662721,0.377134,0.617344
0.300448,0.648599,0.725291
0.264600,0.597539,0.775253
0.268237,0.602230,0.751410
0.298285,0.621137,0.777598
0.300197,0.634345,0.757044
0.308559,0.607635,0.713990
0.320520,0.602621,0.730757
0.298285,0.586405,0.723223
0.308970,0.604358,0.762377
0.269078,0.642309,0.761383
0.320318,0.637356,0.719980
0.293729,0.580266,0.755561
0.300594,0.588581,0.780245
0.323395,0.590608,0.729869
0.317384,0.614312,0.752972
0.314260,0.655799,0.759257
0.288719,0.623137,0.732845
0.307314,0.635466,0.732711
0.284227,0.625442,0.749220
0.313555,0.623106,0.784276
0.293074,0.604532,0.744765
0.313480,0.649906,0.745151
0.295820,0.633407,0.777552
0.296486,0.633340,0.713270
0.283496,0.610658,0.730919
0.286787,0.636708,0.784012
0.326774,0.592084,0.771885
0.274590,0.651652,0.757355
0.323299,0.613221,0.732496
0.327039,0.623562,0.739057
0.338619,0.599846,0.740580
0.317622,0.583796,0.721907
0.288202,0.589807,0.742850
0.266727,0.639756,0.721316
0.265948,0.587182,0.745467
0.285903,0.604393,0.762089
0.310775,0.608989,0.726000
0.321614,0.627622,0.764621
0.317048,0.652687,0.735378
0.288901,0.660913,0.744879
0.333753,0.611786,0.735452
0.296974,0.637920,0.743096
0.262411,0.618306,0.748452
0.291469,0.617243,0.786191
0.270457,0.583899,0.736195
0.301262,0.605749,0.727585
0.270440,0.607827,0.715675
0.280922,0.632637,0.737895
0.310978,0.607348,0.788427
0.304409,0.646175,0.739987
0.273198,0.626843,0.721933
0.270238,0.620774,0.730294
0.325617,0.593368,0.755046
0.294012,0.616299,0.758035
0.275679,0.631827,0.755689
0.254829,0.611786,0.736235
0.300134,0.573030,0.763739
0.279509,0.583391,0.720254
0.265039,0.632264,0.741947
0.291171,0.614191,0.714782
0.308111,0.617058,0.746840
0.259884,0.632810,0.759389
0.286451,0.591065,0.711175
0.298633,0.593391,0.709806
0.309257,0.619526,0.761686
0.309062,0.630725,0.750038
0.303891,0.620610,0.786579
0.262219,0.625601,0.776350
0.298215,0.615394,0.703125
0.284710,0.649472,0.774946
0.323836,0.609370,0.721002
0.305803,0.585246,0.749701
0.280194,0.629162,0.787019
0.292811,0.576701,0.724366
0.283330,0.624789,0.706489
0.336574,0.615706,0.750567
0.318989,0.625244,0.718036
0.307478,0.655584,0.735885
0.332123,0.614306,0.775935
0.263271,0.587771,0.755403
0.274391,0.593748,0.772959
0.278848,0.611599,0.782798
0.277721,0.605429,0.750744
0.322776,0.636324,0.751924
0.312653,0.587306,0.777560
0.307959,0.620492,0.706967
0.275585,0.653628,0.738499
0.286982,0.575298,0.732421
0.293392,0.617838,0.740565
0.287350,0.635196,0.771346
0.256106,0.624058,0.730336
0.327648,0.642936,0.730025
0.263726,0.606224,0.765870
0.281812,0.585155,0.776828
0.314625,0.590675,0.761788
0.281855,0.579942,0.742342
0.319392,0.583975,0.744751
0.275432,0.605143,0.772813
0.292222,0.648813,0.737396
0.288326,0.606932,0.777188
0.382118,0.345377,0.858636
0.403420,0.370313,0.883031
0.388222,0.321978,0.839899
0.382116,0.327082,0.869507
0.397539,0.319825,0.857518
0.386216,0.337531,0.864901
0.387605,0.361667,0.895518
0.383808,0.319475,0.883650
0.410829,0.314937,0.829948
0.382176,0.345222,0.880071
0.368392,0.340322,0.862804
0.404265,0.293555,0.867260
0.368282,0.324533,0.879492
0.378790,0.323231,0.848231
0.381996,0.316384,0.864559
0.401886,0.350490,0.832154
0.400171,0.308750,0.862287
0.402250,0.365781,0.872685
0.404660,0.311212,0.888660
0.397899,0.360033,0.892590
0.382726,0.310610,0.838541
0.405804,0.359860,0.859592
0.406016,0.314327,0.839881
0.391566,0.330167,0.849378
0.401856,0.301483,0.879051
0.391024,0.358141,0.876750
0.385581,0.362051,0.864496
0.391423,0.306696,0.877340
0.401190,0.343269,0.904208
0.399253,0.334770,0.825739
0.403025,0.341569,0.866256
0.388879,0.308141,0.859973
0.393012,0.355941,0.826143
0.397134,0.333939,0.879130
0.385355,0.309921,0.890562
0.394622,0.303588,0.841687
0.391640,0.296474,0.851198
0.393008,0.325947,0.895108
0.383636,0.333328,0.878529
0.388519,0.339117,0.832435
0.395441,0.361177,0.856045
0.402451,0.350674,0.880995
0.396078,0.353100,0.841693
0.377419,0.323118,0.893294
0.372379,0.354427,0.853075
0.399059,0.319311,0.890443
0.367081,0.352168,0.864762
0.378087,0.318695,0.834624
0.390644,0.294807,0.874629
0.378833,0.305722,0.858777
0.411286,0.345847,0.837686
0.419579,0.349844,0.825456
0.428404,0.308520,0.847887
0.415944,0.296977,0.869036
0.427371,0.316279,0.874201
0.418550,0.357732,0.852353
0.428842,0.337167,0.863503
0.438031,0.329292,0.857555
0.416959,0.336750,0.852368
0.424003,0.363340,0.834553
0.426996,0.363409,0.858537
0.449125,0.342658,0.857647
0.418088,0.327238,0.844894
0.413723,0.327889,0.862140
0.450106,0.336517,0.868574
0.443407,0.320634,0.853209
0.425474,0.316266,0.853568
0.427530,0.352702,0.867128
0.423270,0.352333,0.841088
0.423379,0.323731,0.862096
0.411204,0.371969,0.864845
0.417809,0.361226,0.881906
0.411564,0.347862,0.848187
0.441879,0.324171,0.893735
0.429606,0.327307,0.850894
0.437502,0.337302,0.869357
0.443352,0.330653,0.840318
0.427612,0.309581,0.830694
0.419372,0.347688,0.883026
0.436317,0.344706,0.838556
0.447923,0.320095,0.868336
0.412623,0.308726,0.864443
0.415393,0.337060,0.908127
0.424022,0.300449,0.880565
0.418815,0.303495,0.834249
0.429704,0.317624,0.895462
0.432042,0.363184,0.885607
0.441886,0.338898,0.847506
0.446094,0.348030,0.839945
0.425308,0.344305,0.856608
0.437024,0.318194,0.879720
0.439612,0.354617,0.846180
0.412007,0.307145,0.843627
0.443749,0.364310,0.858043
0.443384,0.367053,0.868863
0.420082,0.376790,0.871320
0.411123,0.297597,0.848577
0.442266,0.352076,0.865443
0.447035,0.321078,0.878488
0.423434,0.346692,0.900934
0.598110,0.132096,0.733563
0.594907,0.056137,0.763287
0.572907,0.102799,0.752787
0.611429,0.076397,0.738666
0.561241,0.097109,0.785477
0.578782,0.122431,0.761129
0.618253,0.129286,0.752281
0.567413,0.070324,0.763329
0.584362,0.096271,0.770970
0.579431,0.108912,0.767171
0.589767,0.135186,0.766879
0.561649,0.107385,0.778673
0.620122,0.077419,0.770853
0.606057,0.100844,0.761141
0.595312,0.078542,0.768060
0.622509,0.117432,0.747792
0.565363,0.097189,0.760598
0.611589,0.075801,0.787529
0.565660,0.123936,0.742410
0.626961,0.086275,0.763029
0.586738,0.094626,0.760375
0.611576,0.092309,0.771599
0.622856,0.092977,0.795224
0.610146,0.104219,0.778219
0.632612,0.100905,0.762960
0.638707,0.087135,0.769981
0.629180,0.097417,0.775616
0.593745,0.068296,0.771182
0.592796,0.055045,0.773488
0.608975,0.133844,0.769627
0.572196,0.109625,0.786081
0.604662,0.101797,0.728009
0.588910,0.071284,0.793635
0.591290,0.110167,0.719550
0.576520,0.092128,0.781314
0.629234,0.091221,0.744518
0.581530,0.096423,0.744509
0.588270,0.103543,0.780451
0.574745,0.130677,0.777020
0.606075,0.115159,0.737702
0.551619,0.089600,0.750937
0.609391,0.125027,0.776166
0.611054,0.117421,0.759289
0.577815,0.073046,0.742130
0.623498,0.088987,0.774430
0.560340,0.111511,0.741311
0.569426,0.115730,0.728063
0.603020,0.117508,0.747875
0.588919,0.112957,0.748958
0.594386,0.085201,0.716875
0.629513,0.099234,0.724389
0.561852,0.073950,0.749484
0.606137,0.062596,0.780406
0.634390,0.099548,0.784442
0.619109,0.110487,0.729187
0.617279,0.128311,0.735830
0.609255,0.087496,0.734983
0.578980,0.120802,0.787751
0.640047,0.083085,0.750892
0.580595,0.074029,0.758815
0.629363,0.107178,0.779578
0.616180,0.083083,0.778391
0.578389,0.114004,0.743656
0.596536,0.127975,0.749329
0.601185,0.112714,0.774188
0.593308,0.105395,0.768878
0.625386,0.126496,0.765709
0.563687,0.103131,0.734043
0.580275,0.127247,0.749865
0.620977,0.075713,0.746601
0.555955,0.099090,0.768192
0.581479,0.066536,0.787860
0.593848,0.136831,0.742149
0.569509,0.095298,0.793862
0.581520,0.112120,0.792807
0.599855,0.069667,0.758457
0.593637,0.091635,0.738012
0.616733,0.108763,0.748033
0.575611,0.082675,0.774292
0.615414,0.106645,0.796541
0.588088,0.095621,0.720319
0.600913,0.123723,0.789565
0.577885,0.064020,0.735301
0.605128,0.138756,0.760734
0.595198,0.092079,0.801414
0.623189,0.080131,0.727526
0.599600,0.080844,0.737890
0.574762,0.088033,0.741287
0.612686,0.095648,0.715144
0.613475,0.060319,0.761138
0.608320,0.131506,0.741013
0.609654,0.116328,0.723631
0.559043,0.087492,0.763951
0.594023,0.062600,0.733291
0.602464,0.097115,0.712966
0.592674,0.061946,0.751226
0.574505,0.079706,0.785315
0.599108,0.081436,0.781066
0.597142,0.126367,0.722346
0.632868,0.071286,0.770802
