x coord,y coord,z coord
0.470067,0.510500,0.393717
0.609729,0.473315,0.583083
0.643845,0.574367,0.437529
0.615530,0.504199,0.626081
0.490835,0.546125,0.342503
0.450531,0.512736,0.364398
0.473823,0.505001,0.384596
0.649582,0.598868,0.337920
0.452581,0.496918,0.352198
0.178739,0.089564,0.550238
0.597923,0.589182,0.205138
0.076686,0.021350,0.628608
0.472122,0.481924,0.376179
0.461911,0.539734,0.366390
0.089657,0.325645,0.506783
0.629973,0.410878,0.188974
0.376494,0.145487,0.627081
0.650511,0.592500,0.079359
0.519533,0.444971,0.348360
0.495950,0.541833,0.421854
0.446400,0.701098,0.222484
0.458468,0.522304,0.365071
0.481101,0.535867,0.368904
0.203236,0.015481,0.449175
0.650840,0.586149,0.334993
0.475027,0.532255,0.396591
0.234127,0.545169,0.599761
0.458415,0.522290,0.390958
0.476853,0.581232,0.505146
0.467278,0.530156,0.366018
0.122930,0.038584,0.576377
0.440158,0.510299,0.366639
0.446541,0.206049,0.624357
0.606128,0.630395,0.436051
0.428147,0.533800,0.373741
0.600116,0.549597,0.122013
0.286035,0.157778,0.460385
0.429262,0.491465,0.433761
0.467916,0.521460,0.395965
0.458309,0.499547,0.361421
0.444316,0.515111,0.391860
0.461960,0.521821,0.378156
0.652860,0.598139,0.327676
0.476341,0.492837,0.347162
0.609327,0.047089,0.180721
0.434739,0.528171,0.356890
0.445263,0.510824,0.400918
0.438260,0.500477,0.366920
0.434554,0.509764,0.393275
0.476228,0.516329,0.374763
0.439567,0.520936,0.375939
0.449116,0.513441,0.345663
0.373898,0.295387,0.628142
0.478757,0.497774,0.357118
0.610985,0.544767,0.119247
0.531379,0.250366,0.498473
0.641966,0.606184,0.343712
0.459850,0.508473,0.347727
0.404509,0.425867,0.368472
0.446275,0.528444,0.364809
0.469404,0.503445,0.362125
0.440755,0.499058,0.356934
0.230236,0.062056,0.596998
0.458427,0.499325,0.381121
0.181916,0.368804,0.276123
0.468814,0.506737,0.375876
0.437189,0.499276,0.420118
0.506317,0.632593,0.263454
0.437666,0.206997,0.632355
0.455724,0.530189,0.371813
0.456339,0.510577,0.393992
0.473708,0.527798,0.380098
0.437954,0.512454,0.383029
0.134857,0.039309,0.579355
0.652252,0.639817,0.325857
0.131468,0.033718,0.588503
0.468088,0.518743,0.366945
0.451861,0.530010,0.383525
0.635615,0.212711,0.319916
0.454817,0.664718,0.416810
0.458306,0.499079,0.342228
0.427098,0.653694,0.166318
0.471399,0.516162,0.384523
0.467295,0.491912,0.361302
0.462986,0.502009,0.391279
0.446643,0.491965,0.365420
0.470328,0.494884,0.393117
0.249545,0.485383,0.582962
0.479774,0.523452,0.390876
0.481230,0.501124,0.324324
0.450110,0.499787,0.372735
0.463715,0.498332,0.372325
0.478180,0.525628,0.363466
0.496423,0.492439,0.327966
0.441935,0.509777,0.355410
0.444718,0.547865,0.542368
0.447943,0.520965,0.357076
0.644835,0.356714,0.198998
0.445400,0.530797,0.374819
0.190142,0.177067,0.417607
0.461179,0.512011,0.381559
0.436740,0.523674,0.365898
0.466294,0.498300,0.352784
0.550219,0.608566,0.515416
0.450801,0.506663,0.385736
0.451931,0.510677,0.375163
0.145976,0.407846,0.253310
0.485905,0.573142,0.289512
0.319483,0.743532,0.294997
0.481363,0.471861,0.370275
0.465701,0.491486,0.381690
0.426917,0.513469,0.371624
0.426319,0.553117,0.349548
0.346752,0.505745,0.477009
0.431174,0.515368,0.361717
0.456569,0.488458,0.360886
0.582804,0.741394,0.242929
0.563247,0.571567,0.452532
0.450677,0.538593,0.366887
0.453186,0.507793,0.355721
0.211141,0.384502,0.331746
0.510177,0.444951,0.339070
0.449797,0.520370,0.372264
0.461035,0.509387,0.366323
0.450600,0.517695,0.382475
0.515283,0.520549,0.323510
0.492086,0.513183,0.268996
0.448028,0.503286,0.363131
0.477826,0.490999,0.381448
0.456123,0.487251,0.374837
0.474238,0.491969,0.371265
0.480496,0.511109,0.391790
0.977281,0.207490,0.026455
0.891418,0.063410,0.299587
0.881152,0.046968,0.189425
0.907486,0.030303,0.110314
0.705739,0.027654,0.099365
0.987057,0.049073,0.263646
0.680450,0.597041,0.336079
0.784690,0.027151,0.329893
0.868805,0.038908,0.141919
0.924930,0.044556,0.092426
0.977551,0.322819,0.025926
0.771402,0.171327,0.360169
0.817580,0.027861,0.000620
0.954939,0.062581,0.172300
0.893514,0.045949,0.192106
0.919370,0.053910,0.220899
0.667486,0.600349,0.355213
0.939857,0.047304,0.390777
0.882001,0.049508,0.199796
0.831420,0.237227,0.333075
0.886717,0.216384,0.363815
0.907194,0.061460,0.168104
0.926389,0.023837,0.116342
0.870717,0.043642,0.119756
0.660007,0.480355,0.512927
0.917187,0.029220,0.114102
0.926976,0.034915,0.333357
0.949340,0.125804,0.153370
0.921283,0.029671,0.125775
0.794944,0.011950,0.036067
0.960122,0.023727,0.122496
0.903916,0.099063,0.336823
0.915297,0.064954,0.214173
0.988192,0.035196,0.152109
0.820848,0.130855,0.247047
0.965690,0.123332,0.261592
0.948787,0.191686,0.205729
0.935474,0.040630,0.227721
0.980771,0.040934,0.266633
0.921639,0.088494,0.299605
0.921406,0.033461,0.103538
0.938863,0.076304,0.026887
0.919012,0.048258,0.330955
0.936601,0.045297,0.196936
0.885989,0.024033,0.390074
0.772987,0.021586,0.280650
0.925714,0.102728,0.225481
0.927551,0.217569,0.324652
0.892165,0.049473,0.309914
0.968133,0.042571,0.150907
0.956280,0.006803,0.494981
0.827801,0.236491,0.545796
0.908735,0.049646,0.172153
0.977084,0.034380,0.149185
0.899040,0.046416,0.169866
0.928442,0.016248,0.172129
0.912309,0.050289,0.322359
0.850631,0.334121,0.046479
0.901571,0.026165,0.118152
0.970611,0.260788,0.245536
0.915160,0.050925,0.264758
0.930561,0.024277,0.202045
0.938301,0.032528,0.198956
0.893748,0.037991,0.401321
0.998744,0.044261,0.208957
0.944843,0.151371,0.466802
0.815470,0.035624,0.013799
0.930605,0.053104,0.207670
0.922586,0.065297,0.225495
0.929724,0.212085,0.333481
0.814793,0.154742,0.341642
0.886313,0.027480,0.379307
0.890078,0.049895,0.212383
0.902012,0.061066,0.274032
0.895354,0.034450,0.380345
0.932982,0.048081,0.237747
0.791972,0.154992,0.282526
0.918969,0.026636,0.206886
0.878793,0.034967,0.385641
0.814794,0.148517,0.332852
0.836004,0.081725,0.255520
0.929250,0.014598,0.195453
0.929285,0.042986,0.204212
0.889318,0.073292,0.358972
0.901487,0.038968,0.125006
0.762122,0.079923,0.133416
0.887395,0.035037,0.392961
0.922706,0.023078,0.194138
0.813278,0.138615,0.250807
0.947646,0.071002,0.023492
0.923498,0.034735,0.201511
0.924857,0.015946,0.207245
0.896785,0.054375,0.126255
0.924745,0.068675,0.179973
0.931299,0.033176,0.208102
0.891052,0.049837,0.182311
0.924427,0.057862,0.182838
0.880693,0.058625,0.335105
0.853197,0.053038,0.436085
0.992154,0.061499,0.526378
0.670915,0.401417,0.003981
0.689143,0.617821,0.349200
0.911576,0.570304,0.625366
0.846130,0.538871,0.361435
0.818364,0.580345,0.125257
0.809746,0.699016,0.557537
0.798991,0.540615,0.297781
0.825776,0.634303,0.515974
0.799921,0.815620,0.419695
0.739745,0.573891,0.242550
0.750674,0.577035,0.242457
0.748404,0.568369,0.248739
0.707910,0.432893,0.415190
0.700617,0.425707,0.422268
0.722340,0.485270,0.318415
0.705097,0.434335,0.426396
0.716686,0.428148,0.424753
0.726840,0.417241,0.432164
0.697934,0.435941,0.418400
0.704074,0.573478,0.296302
0.689784,0.607077,0.338722
0.690606,0.566850,0.338867
0.690024,0.590452,0.341809
0.684263,0.577901,0.318841
0.682643,0.581250,0.332628
0.686026,0.449400,0.276173
0.687756,0.578669,0.341053
0.686599,0.571251,0.347909
0.692701,0.567439,0.322917
0.678103,0.577131,0.347350
0.684007,0.258004,0.461617
0.670677,0.601897,0.386250
0.684051,0.571204,0.328504
0.670268,0.570064,0.356878
0.688371,0.594758,0.328013
0.687343,0.619963,0.334799
0.680271,0.570340,0.338259
0.672239,0.578117,0.316614
0.680533,0.559419,0.338650
0.677894,0.587994,0.341495
0.672340,0.587571,0.332246
0.685659,0.606309,0.324898
0.687385,0.628993,0.348145
0.679284,0.611321,0.333144
0.676750,0.599916,0.346710
0.685724,0.595110,0.309687
0.680298,0.620709,0.343753
0.673926,0.577168,0.330585
0.676041,0.591794,0.305481
0.680092,0.601183,0.318174
0.668355,0.596130,0.337869
0.677268,0.579134,0.304762
0.674312,0.590933,0.320062
0.672783,0.599815,0.327598
0.671834,0.614303,0.342295
0.670681,0.569153,0.346516
0.677153,0.580081,0.399154
0.674503,0.567145,0.328592
0.675322,0.609010,0.323761
0.670927,0.583762,0.359360
0.665139,0.646992,0.624712
0.668198,0.609323,0.332825
0.668507,0.581570,0.348280
0.660134,0.571621,0.347841
0.669044,0.598025,0.310924
0.668863,0.623107,0.349969
0.662054,0.573414,0.319294
0.668073,0.575356,0.338974
0.662419,0.582536,0.336146
0.663307,0.574568,0.329396
0.664148,0.547119,0.369949
0.665372,0.583639,0.324335
0.665139,0.648548,0.365790
0.659993,0.588241,0.351317
0.660640,0.579493,0.356127
0.664692,0.564053,0.330745
0.663150,0.592227,0.318979
0.665190,0.603490,0.344782
0.663602,0.604270,0.322437
0.658302,0.591455,0.341380
0.662147,0.592255,0.330229
0.659273,0.568438,0.358202
0.660139,0.602023,0.334875
0.656065,0.572421,0.337096
0.655477,0.584995,0.314359
0.656545,0.580432,0.344313
0.653773,0.579500,0.325661
0.164758,0.595596,0.975977
0.194952,0.694400,0.970516
0.098893,0.762180,0.910752
0.005830,0.729427,0.979266
0.172595,0.640211,0.970326
0.136306,0.623339,0.982834
0.176078,0.597037,0.988650
0.097746,0.562302,0.833505
0.207156,0.680652,0.970096
0.194356,0.719751,0.938258
0.130896,0.445833,0.836014
0.171011,0.627951,0.971450
0.151606,0.617289,0.951141
0.284388,0.577050,0.987888
0.156283,0.701693,0.996340
0.144077,0.676974,0.974329
0.097083,0.823162,0.913465
0.121096,0.597750,0.982990
0.216261,0.683416,0.974053
0.197836,0.686742,0.963123
0.136820,0.651379,0.982468
0.151884,0.617361,0.972203
0.154405,0.674143,0.977333
0.165054,0.617437,0.977497
0.100279,0.615584,0.962217
0.141377,0.621544,0.970240
0.265529,0.626947,0.970982
0.130704,0.615126,0.987414
0.202986,0.730515,0.968935
0.108755,0.650525,0.948254
0.045001,0.666795,0.920793
0.277344,0.616267,0.976272
0.063671,0.636707,0.973929
0.162775,0.654323,0.968576
0.147608,0.630145,0.983009
0.220035,0.813770,0.829513
0.203878,0.645503,0.994028
0.148253,0.682285,0.983537
0.209315,0.792513,0.988508
0.128942,0.580462,0.975902
0.129387,0.627371,0.974186
0.144591,0.641170,0.986657
0.127693,0.614720,0.975619
0.154722,0.693252,0.985789
0.137502,0.707872,0.948820
0.156339,0.609496,0.959228
0.054936,0.737335,0.964119
0.147153,0.652251,0.979947
0.227717,0.689246,0.983051
0.202953,0.585808,0.912788
0.149703,0.742522,0.862440
0.158136,0.634337,0.965018
0.146751,0.669328,0.984241
0.157269,0.693387,0.974581
0.150593,0.644799,0.942896
0.120035,0.626812,0.963593
0.268233,0.609408,0.973045
0.140703,0.671406,0.963111
0.137275,0.683309,0.967665
0.147746,0.629098,0.968183
0.153317,0.641166,0.974826
0.167599,0.632783,0.990549
0.088167,0.758996,0.908628
0.103526,0.721056,0.930212
0.139544,0.632757,0.976293
0.130325,0.629304,0.991839
0.183687,0.551551,0.819168
0.002362,0.719930,0.983978
0.107148,0.659941,0.942512
0.074105,0.763552,0.801200
0.151115,0.526286,0.695133
0.175869,0.614411,0.977882
0.153044,0.661551,0.978776
0.085099,0.525318,0.944550
0.087993,0.556812,0.825137
0.165075,0.690195,0.980656
0.162060,0.633057,0.975576
0.142994,0.625179,0.993681
0.148257,0.667800,0.970121
0.145603,0.659179,0.988741
0.131212,0.575574,0.988250
0.120638,0.579020,0.984492
0.147686,0.657799,0.970174
0.169399,0.573263,0.908082
0.158436,0.624276,0.968910
0.169764,0.604973,0.983420
0.056092,0.713748,0.673689
0.239934,0.669896,0.954468
0.179311,0.593363,0.977350
0.099631,0.717719,0.912774
0.142459,0.402511,0.842520
0.164157,0.517848,0.933279
0.155706,0.624893,0.980813
0.280876,0.637048,0.953841
0.181563,0.629033,0.976569
0.114446,0.586512,0.990445
0.166789,0.646971,0.977640
0.155155,0.642957,0.985935
0.155115,0.653166,0.989028
0.157342,0.701658,0.980989
0.319781,0.593585,0.811505
0.310692,0.031331,0.803543
0.312094,0.670786,0.789564
0.258670,0.129852,0.844527
0.054532,0.248978,0.981493
0.293601,0.018644,0.812922
0.345800,0.694573,0.964841
0.300800,0.036355,0.799062
0.216420,0.080673,0.779893
0.369603,0.636294,0.791505
0.303804,0.022257,0.804514
0.405844,0.005026,0.750037
0.394163,0.600697,0.765611
0.307206,0.040830,0.792472
0.151210,0.118107,0.808031
0.310446,0.588803,0.816320
0.318071,0.042971,0.783581
0.340100,0.552797,0.971732
0.289076,0.494300,0.679207
0.320497,0.679398,0.790820
0.404021,0.604269,0.770924
0.224727,0.087376,0.774512
0.308817,0.065982,0.776176
0.314989,0.029878,0.781443
0.369613,0.635274,0.802602
0.321681,0.052361,0.805366
0.249120,0.135963,0.839579
0.316047,0.046514,0.825580
0.305460,0.032277,0.772979
0.213559,0.547918,0.669102
0.390271,0.004494,0.741314
0.254044,0.678520,0.855886
0.144719,0.050274,0.812939
0.360497,0.050036,0.766600
0.074486,0.477849,0.932799
0.394214,0.064443,0.835584
0.174773,0.419674,0.999607
0.372603,0.548742,0.774572
0.308518,0.061567,0.786253
0.410809,0.585050,0.769340
0.309018,0.040584,0.816340
0.324568,0.574781,0.686256
0.293385,0.052851,0.788585
0.139991,0.006714,0.886824
0.227265,0.083041,0.784389
0.302075,0.056444,0.793611
0.268763,0.008817,0.987825
0.187642,0.012818,0.901185
0.229519,0.093727,0.784823
0.298152,0.046083,0.796412
0.217934,0.088957,0.786579
0.228455,0.088232,0.795034
0.232593,0.094744,0.805464
0.292378,0.023280,0.802112
0.215108,0.093398,0.773534
0.324325,0.121584,0.810875
0.348076,0.063834,0.969585
0.400071,0.087670,0.725042
0.273731,0.178392,0.985210
0.250696,0.124658,0.839135
0.316333,0.031504,0.767138
0.293314,0.033094,0.791424
0.306095,0.053990,0.820740
0.285148,0.039863,0.812313
0.343051,0.035662,0.853959
0.368969,0.319958,0.639746
0.312674,0.043919,0.802157
0.293665,0.037780,0.817384
0.288039,0.040251,0.800852
0.331396,0.107011,0.879271
0.288404,0.042346,0.791241
0.394026,0.053262,0.839417
0.318602,0.043774,0.811946
0.324342,0.008080,0.756348
0.324343,0.037468,0.772425
0.333632,0.607635,0.827372
0.314689,0.057800,0.799262
0.304294,0.044151,0.807854
0.314385,0.040992,0.772295
0.299004,0.039716,0.786136
0.384301,0.067004,0.832105
0.320353,0.071187,0.808106
0.309206,0.056803,0.810296
0.305089,0.029024,0.788065
0.301518,0.032342,0.811149
0.314506,0.067953,0.796215
0.310812,0.051377,0.788436
0.308025,0.053786,0.776733
0.313514,0.018758,0.782595
0.407951,0.089703,0.718188
0.408399,0.094593,0.727474
0.409880,0.589748,0.794848
0.410021,0.081275,0.726627
0.410577,0.601253,0.779375
0.433708,0.624695,0.780511
0.449621,0.579378,0.789770
0.446480,0.597987,0.785051
0.454785,0.559607,0.786515
0.424858,0.606905,0.763723
0.453618,0.582636,0.770094
0.425391,0.594613,0.783482
0.429486,0.608389,0.775202
0.455375,0.486775,0.861501
0.503103,0.662891,0.735985
0.433419,0.579889,0.774417
0.420762,0.614641,0.781336
0.430523,0.617443,0.769149
0.438130,0.579513,0.794253
0.413796,0.576974,0.774275
0.425620,0.582584,0.815787
0.565569,0.424218,0.811268
0.428840,0.590474,0.773169
0.414985,0.593165,0.786725
0.454900,0.594091,0.776231
0.438420,0.444926,0.949209
0.436226,0.597774,0.791233
0.436557,0.593463,0.755440
0.419231,0.572514,0.785170
0.443570,0.594133,0.797996
0.423983,0.656618,0.870993
0.420296,0.584814,0.760303
0.454611,0.591142,0.793179
0.459540,0.584203,0.778282
0.511036,0.664735,0.813209
0.434500,0.587650,0.781676
0.444154,0.577131,0.769278
0.439466,0.568047,0.777982
0.628409,0.130868,0.881467
0.442704,0.584436,0.802521
0.438867,0.613532,0.782694
0.661281,0.488277,0.939625
0.440839,0.575776,0.758266
0.426693,0.606607,0.787368
0.435712,0.600146,0.781312
0.496803,0.660639,0.745428
0.441558,0.670110,0.810848
0.488214,0.034476,0.729623
0.460457,0.583017,0.704577
0.417031,0.588974,0.776062
0.417015,0.588989,0.803753
0.547705,0.460166,0.846260
0.432686,0.599811,0.769383
0.423292,0.087711,0.709453
0.442813,0.588230,0.788929
0.412617,0.088528,0.735072
0.445346,0.586522,0.761559
0.424278,0.595486,0.763996
0.430353,0.578326,0.786347
0.452181,0.573660,0.776925
0.460322,0.685256,0.846293
0.423083,0.580520,0.779637
0.450415,0.585579,0.782177
0.437536,0.216313,0.643515
0.427133,0.575623,0.757264
0.451579,0.577859,0.759865
0.417177,0.603292,0.790163
0.438480,0.011505,0.827417
0.427769,0.592740,0.808554
0.411689,0.596421,0.769208
0.413434,0.593897,0.670918
0.414206,0.581939,0.786124
0.433894,0.583780,0.763273
0.594745,0.502451,0.798650
0.418340,0.086648,0.719902
0.434792,0.569993,0.767602
0.426058,0.577770,0.767726
0.430397,0.587313,0.790901
0.435195,0.581600,0.751120
0.417177,0.095591,0.712112
0.411540,0.574291,0.763999
0.442300,0.322080,0.916294
0.427536,0.569873,0.777843
0.442410,0.591503,0.776439
0.433717,0.355743,0.674448
0.421638,0.598988,0.773419
0.442383,0.579498,0.781303
0.436180,0.568708,0.787400
0.423627,0.086861,0.730520
0.422792,0.596348,0.795201
0.431551,0.227954,0.651377
0.415420,0.617234,0.790793
