x coord,y coord,z coord
6.138464,5.351693,5.152313
6.136459,5.331248,5.119103
6.127120,5.331450,5.157272
6.106522,5.313752,5.118221
6.108768,5.352179,5.168056
6.114165,5.372045,5.147065
6.074765,5.314518,5.171284
6.074873,5.324554,5.177770
6.149543,5.350544,5.155835
6.139518,5.313327,5.131653
6.087171,5.278377,5.193829
6.121299,5.307829,5.136550
6.129949,5.342727,5.154028
6.122364,5.303098,5.123087
6.108598,5.321420,5.146304
6.124639,5.314697,5.158552
6.115368,5.337212,5.155857
6.094560,5.343516,5.189141
6.117476,5.317347,5.129488
6.116294,5.374883,5.167830
6.115781,5.372097,5.157552
6.150298,5.359203,5.134777
6.136131,5.337525,5.163005
6.080180,5.336594,5.206865
6.088844,5.377115,5.191480
6.110486,5.346923,5.148710
6.133596,5.334834,5.148201
6.138592,5.337362,5.131730
6.116802,5.321403,5.119818
6.130158,5.299413,5.144627
6.082389,5.373172,5.200536
6.049559,5.291588,5.174850
6.125235,5.324695,5.125345
6.146568,5.337491,5.155472
6.148017,5.301400,5.136643
6.098120,5.342612,5.156236
6.146984,5.318620,5.111719
6.110965,5.319130,5.159916
6.129063,5.313130,5.126879
6.135199,5.375425,5.141503
6.101012,5.331756,5.153139
6.116621,5.322527,5.138382
6.129271,5.339328,5.137599
6.096105,5.351421,5.182579
6.118430,5.325986,5.159001
6.106620,5.312815,5.135001
6.128475,5.371160,5.157473
6.126896,5.362224,5.141827
6.131899,5.329416,5.137733
6.135596,5.404360,5.162535
6.143714,5.341220,5.180603
6.182318,5.208573,5.034528
6.147825,5.315446,5.147869
6.173738,5.311836,5.181329
6.130148,5.340181,5.173790
6.123433,5.339100,5.164698
6.143202,5.345439,5.164088
6.123975,5.372114,5.144197
6.140776,5.355974,5.164354
6.171469,5.328748,5.203705
6.103168,5.343517,5.199002
6.173962,5.322993,5.183377
6.128822,5.364954,5.197915
6.194285,5.415382,5.110008
6.153585,5.349459,5.166652
6.100533,5.427439,5.220235
6.135262,5.305487,5.136854
6.145855,5.354422,5.145575
6.103158,5.335676,5.215528
6.141610,5.318148,5.122955
6.106671,5.320250,5.127676
6.112548,5.330828,5.143478
6.119658,5.364060,5.182399
6.139066,5.285440,5.158461
6.118968,5.316405,5.167800
6.148943,5.391790,5.172432
6.122957,5.382385,5.145156
6.126430,5.326141,5.180208
6.142220,5.324925,5.137468
6.125067,5.353942,5.179733
6.136667,5.310409,5.145287
6.147405,5.372878,5.140712
6.125262,5.317015,5.104382
6.171029,5.309468,5.169487
6.135941,5.324553,5.128448
6.123654,5.301102,5.158385
6.128415,5.314756,5.117046
6.132991,5.366675,5.131875
6.127140,5.308466,5.149859
6.155997,5.330737,5.159128
6.171183,5.381979,5.140143
6.114298,5.307822,5.160133
6.140749,5.363045,5.143456
6.121692,5.365568,5.171667
6.118593,5.359051,5.161679
6.134583,5.318765,5.176860
6.137201,5.317461,5.107232
6.137765,5.308743,5.116661
6.122176,5.330906,5.133656
6.127602,5.321248,5.151024
6.139100,5.326790,5.155751
6.099858,5.370193,5.203794
6.105408,5.361129,5.183327
6.123697,5.350819,5.169375
6.123629,5.367471,5.220718
6.110494,5.340476,5.186333
6.105596,5.381517,5.170455
6.122011,5.337566,5.180034
6.118187,5.315213,5.149999
6.114121,5.340036,5.203077
6.141223,5.333047,5.172136
6.101202,5.402420,5.172568
6.139276,5.294391,5.139951
6.100293,5.318419,5.177753
6.095565,5.345836,5.173371
6.123108,5.331618,5.144452
6.098743,5.326686,5.198447
6.135973,5.345891,5.197223
6.082120,5.339446,5.195080
6.094939,5.358068,5.174687
6.103217,5.370718,5.168877
6.131045,5.405550,5.173274
6.103401,5.326428,5.170900
6.133152,5.379634,5.151223
6.131614,5.322052,5.162227
6.140415,5.320208,5.167837
6.108322,5.339108,5.165103
6.112897,5.307753,5.125453
6.103127,5.354768,5.192728
6.127691,5.329887,5.170083
6.083866,5.333393,5.179035
6.095389,5.369456,5.179586
6.112981,5.373190,5.184445
6.101728,5.344229,5.209514
6.104386,5.333460,5.204666
6.094652,5.364691,5.195223
6.092500,5.332834,5.192126
6.092045,5.346124,5.199732
6.091131,5.359556,5.186147
6.101875,5.353052,5.154257
6.178784,5.338070,5.236489
6.114108,5.350035,5.191856
6.085587,5.283324,5.226864
6.106845,5.312593,5.152864
6.131104,5.362540,5.161250
6.115522,5.326164,5.184550
6.074563,5.327823,5.191925
6.101690,5.360902,5.162229
6.093023,5.363519,5.208528
6.097456,5.284403,5.168951
6.098935,5.272628,5.166483
6.148998,5.339222,5.171016
6.072360,5.289090,5.164007
6.142112,5.314264,5.184286
6.118599,5.335335,5.191974
6.156390,5.369684,5.181552
6.267295,5.286225,5.207511
6.160170,5.342623,5.173326
6.121480,5.374655,5.178388
6.132811,5.335715,5.186430
6.084966,5.356544,5.195425
6.131567,5.305830,5.162414
6.133862,5.348528,5.162313
6.162156,5.324476,5.141631
6.124014,5.363643,5.152785
6.109611,5.364777,5.174594
6.129149,5.337438,5.196823
6.091907,5.282224,5.180212
6.135344,5.372213,5.203613
6.121576,5.344404,5.198533
6.151947,5.321753,5.139356
6.119776,5.350733,5.152235
6.151107,5.363479,5.173662
6.141742,5.395162,5.164488
6.139300,5.369367,5.161221
6.128693,5.363125,5.209446
6.116693,5.346904,5.162240
6.170757,5.302467,5.125313
6.112777,5.353432,5.179392
6.125673,5.343613,5.187193
6.098847,5.378155,5.162377
6.176741,5.361796,5.155364
6.122475,5.407571,5.156326
6.114728,5.344341,5.174831
6.119636,5.356185,5.203518
6.136484,5.313837,5.156180
6.107880,5.351998,5.204972
6.144105,5.342698,5.210219
6.148635,5.363650,5.189395
6.117031,5.300023,5.168716
6.183010,5.322021,5.269864
6.152911,5.331372,5.125655
6.146579,5.360300,5.154650
6.130697,5.373782,5.213993
6.136705,5.369054,5.151077
6.177997,5.347054,5.230800
6.116904,5.333012,5.171928
6.134736,5.353104,5.172776
6.147002,5.351692,5.175031
6.127307,5.318236,5.138262
